iteration,max_fitness,qd_score1,qd_score2,qd_score3,coverage1,coverage2,coverage3,time,current_time
1,0.6893153,-13.185507,-1.8489734,-2.6356144,6.1523438,2.9296875,5.1757812,9.76004147529602,2024-04-01 15:25:15.747955
2,0.6893153,-17.879307,-4.2198863,-5.519814,7.9101562,3.90625,6.1523438,6.197740793228149,2024-04-01 15:25:21.945994
3,0.6893153,-18.460112,-1.0080829,-6.3323317,9.5703125,4.5898438,7.03125,6.180840015411377,2024-04-01 15:25:28.127427
4,0.6893153,-17.853943,-5.0775957,-5.346985,10.7421875,5.46875,7.6171875,6.223615407943726,2024-04-01 15:25:34.351577
5,0.6893153,-17.700117,-0.84474874,-5.060988,11.5234375,6.3476562,8.203125,6.234999179840088,2024-04-01 15:25:40.586984
6,0.6893153,-16.66809,0.6347157,-5.7670336,12.207031,6.8359375,8.691406,6.244786500930786,2024-04-01 15:25:46.832113
7,0.6893153,-16.169237,0.05654621,-5.809718,12.6953125,7.3242188,8.886719,6.437695741653442,2024-04-01 15:25:53.270329
8,0.6893153,-14.558861,1.2970228,-5.1479225,12.792969,8.105469,9.375,6.24941349029541,2024-04-01 15:25:59.520083
9,0.6893153,-13.664792,2.54743,-3.7040052,13.183594,8.984375,10.058594,6.200549840927124,2024-04-01 15:26:05.721082
10,0.7123947,-12.434275,4.388777,-2.458466,13.769531,9.1796875,10.449219,6.339262247085571,2024-04-01 15:26:12.060731
11,0.7123947,-10.66292,5.6451616,-4.980748,14.2578125,10.058594,11.1328125,6.346543788909912,2024-04-01 15:26:18.407709
12,0.7123947,-8.924854,6.483926,-1.667475,14.6484375,10.3515625,11.621094,6.347809791564941,2024-04-01 15:26:24.756047
13,0.7123947,-8.243254,7.650449,-1.1114148,14.746094,10.449219,12.011719,6.319878339767456,2024-04-01 15:26:31.076327
14,0.7123947,-6.958946,8.862856,-0.58059716,14.941406,10.7421875,12.5,6.246424674987793,2024-04-01 15:26:37.323153
15,0.7123947,-6.2172976,6.317967,-0.72244215,15.332031,11.035156,12.792969,6.237559795379639,2024-04-01 15:26:43.561252
16,0.7123947,-5.028699,7.480029,0.6308985,15.332031,11.425781,13.28125,6.268070459365845,2024-04-01 15:26:49.829730
17,0.7123947,-3.9020758,8.717793,1.663326,15.722656,11.621094,13.378906,6.333488941192627,2024-04-01 15:26:56.163593
18,0.7123947,-3.7461572,11.795615,2.3305728,15.8203125,12.3046875,13.769531,6.173351049423218,2024-04-01 15:27:02.337291
19,0.7123947,-2.8370333,15.368739,2.810842,16.015625,12.6953125,14.2578125,6.294375419616699,2024-04-01 15:27:08.632050
20,0.7123947,-2.364676,15.844929,3.9910855,16.015625,12.890625,14.6484375,6.246495008468628,2024-04-01 15:27:14.878887
21,0.7123947,-1.7144891,16.660837,5.210002,16.40625,13.183594,15.136719,6.458899259567261,2024-04-01 15:27:21.338323
22,0.7123947,-0.8656393,17.007063,5.89425,16.699219,13.4765625,15.332031,6.145966291427612,2024-04-01 15:27:27.484766
23,0.7123947,0.16151667,17.20147,4.8373685,16.796875,13.769531,15.8203125,6.287584543228149,2024-04-01 15:27:33.772735
24,0.7123947,0.74344635,17.69178,5.2633896,16.796875,14.355469,15.917969,6.279195547103882,2024-04-01 15:27:40.052317
25,0.79530627,1.8460274,19.02216,6.009912,16.992188,14.550781,16.308594,6.334970951080322,2024-04-01 15:27:46.387980
26,0.79530627,2.3880372,19.570908,4.964649,17.089844,14.6484375,17.089844,6.2556939125061035,2024-04-01 15:27:52.644057
27,0.9763881,3.8215246,21.04977,6.5352364,17.285156,14.746094,17.285156,6.277825832366943,2024-04-01 15:27:58.922245
28,0.9763881,3.9147596,21.731781,6.8847566,17.480469,14.84375,17.578125,6.372345685958862,2024-04-01 15:28:05.294997
29,0.9763881,4.614185,23.04011,7.9592075,17.578125,14.941406,17.96875,6.319728374481201,2024-04-01 15:28:11.615076
30,0.9763881,4.9924164,24.243145,9.144861,17.675781,15.0390625,18.554688,6.384737253189087,2024-04-01 15:28:18.000155
31,0.9763881,5.2272167,24.56073,10.165644,17.773438,15.136719,18.652344,6.2275660037994385,2024-04-01 15:28:24.228266
32,0.9763881,6.3380632,25.219715,11.102888,17.871094,15.332031,19.042969,6.236588478088379,2024-04-01 15:28:30.465213
33,0.9763881,6.563568,24.892908,11.650984,17.871094,15.625,19.042969,6.2924816608428955,2024-04-01 15:28:36.758183
34,0.9763881,6.6623554,25.668415,12.362825,17.871094,15.722656,19.042969,6.179575204849243,2024-04-01 15:28:42.938243
35,0.9763881,7.1158113,26.215637,12.380371,17.871094,15.722656,19.042969,6.249809980392456,2024-04-01 15:28:49.188439
36,0.9763881,7.6451106,26.194267,13.367949,17.871094,15.917969,19.140625,6.2153120040893555,2024-04-01 15:28:55.404191
37,0.9763881,7.8799896,27.061918,14.68034,17.871094,16.015625,19.433594,6.301311731338501,2024-04-01 15:29:01.705849
38,0.9763881,7.9990554,27.308336,15.620938,17.96875,16.015625,19.628906,6.2076051235198975,2024-04-01 15:29:07.913808
39,0.9763881,9.202738,27.844938,16.714176,17.96875,16.210938,19.726562,6.178454399108887,2024-04-01 15:29:14.092645
40,1.3726971,10.425961,29.762247,17.757181,17.96875,16.40625,19.921875,6.266421794891357,2024-04-01 15:29:20.359499
41,1.3726971,10.669546,30.159134,17.978502,17.96875,16.699219,19.921875,6.250289440155029,2024-04-01 15:29:26.610184
42,1.3726971,11.46134,30.481827,19.169228,17.96875,16.796875,20.117188,6.320706367492676,2024-04-01 15:29:32.931234
43,1.3726971,11.480367,30.526493,19.718678,17.96875,16.796875,20.507812,6.2458579540252686,2024-04-01 15:29:39.177426
44,1.3726971,11.572941,30.901997,20.048782,17.96875,16.894531,20.507812,6.356980562210083,2024-04-01 15:29:45.534801
45,1.3726971,12.614986,32.275772,20.07256,17.96875,16.992188,20.703125,6.193126678466797,2024-04-01 15:29:51.728311
46,1.3726971,12.76672,32.91618,20.938517,17.96875,17.285156,20.800781,6.3351593017578125,2024-04-01 15:29:58.063844
47,1.3726971,13.303942,34.75364,21.30322,17.96875,17.285156,20.800781,6.253867864608765,2024-04-01 15:30:04.318057
48,1.3726971,13.464333,35.844574,22.3903,17.96875,17.480469,21.191406,6.3656885623931885,2024-04-01 15:30:10.684189
49,1.3726971,13.907302,36.363716,23.021854,17.96875,17.675781,21.386719,6.187302589416504,2024-04-01 15:30:16.871824
50,1.3726971,14.107976,37.076965,23.456398,17.96875,17.773438,21.484375,6.242040634155273,2024-04-01 15:30:23.114210
51,1.3726971,15.122072,37.805107,24.522453,17.96875,18.164062,21.777344,6.229357957839966,2024-04-01 15:30:29.343907
52,1.3726971,15.618537,38.406387,25.615238,17.96875,18.359375,22.070312,6.3033387660980225,2024-04-01 15:30:35.647616
53,1.3726971,15.744621,38.943527,26.383926,17.96875,18.554688,22.167969,6.326730728149414,2024-04-01 15:30:41.974712
54,1.3726971,16.826927,40.147335,27.454441,18.164062,18.75,22.558594,6.3797900676727295,2024-04-01 15:30:48.355159
55,1.3726971,18.580997,42.13041,30.063183,18.261719,18.847656,22.65625,6.159945487976074,2024-04-01 15:30:54.515444
56,1.3726971,20.134605,44.924896,31.95848,18.261719,18.847656,22.65625,6.2622575759887695,2024-04-01 15:31:00.778044
57,1.3726971,20.947508,45.997314,32.767715,18.261719,18.945312,22.851562,6.238662958145142,2024-04-01 15:31:07.017227
58,1.3726971,22.28649,47.842297,35.12129,18.261719,19.140625,22.949219,6.287566423416138,2024-04-01 15:31:13.305239
59,1.3726971,22.402073,49.02262,35.411453,18.359375,19.140625,22.949219,6.230430841445923,2024-04-01 15:31:19.536216
60,1.3726971,22.416206,49.08543,35.7032,18.359375,19.238281,23.046875,6.344678640365601,2024-04-01 15:31:25.881390
61,1.3726971,22.715952,50.175827,35.747307,18.359375,19.433594,23.144531,6.213636636734009,2024-04-01 15:31:32.095465
62,1.3726971,23.30672,51.90915,37.002277,18.359375,19.726562,23.242188,6.17637300491333,2024-04-01 15:31:38.272190
63,1.3726971,24.73563,52.892517,37.677593,18.457031,19.726562,23.339844,6.342620134353638,2024-04-01 15:31:44.615161
64,1.3726971,24.135725,53.268276,38.565113,18.554688,19.726562,23.535156,6.229576110839844,2024-04-01 15:31:50.845302
65,1.3726971,24.68385,54.19728,40.361526,18.554688,19.824219,23.828125,6.27183723449707,2024-04-01 15:31:57.117558
66,1.3726971,24.754974,54.800255,41.089603,18.554688,19.824219,23.925781,6.265029191970825,2024-04-01 15:32:03.382974
67,1.3726971,24.92573,56.52285,42.156513,18.554688,19.824219,24.023438,6.267311096191406,2024-04-01 15:32:09.650621
68,1.3726971,25.120941,57.261524,43.221344,18.554688,19.824219,24.121094,6.428462743759155,2024-04-01 15:32:16.079427
69,1.3726971,25.34261,58.591248,43.628548,18.554688,19.921875,24.121094,6.262017250061035,2024-04-01 15:32:22.341926
70,1.3726971,26.134388,60.128204,45.598885,18.554688,20.117188,24.414062,6.193457841873169,2024-04-01 15:32:28.535846
71,1.3726971,26.290348,60.585274,46.11174,18.554688,20.214844,24.414062,6.3400657176971436,2024-04-01 15:32:34.876345
72,1.3726971,27.16259,61.890747,46.201466,18.554688,20.3125,24.511719,6.28328013420105,2024-04-01 15:32:41.160024
73,1.3726971,27.513222,62.26226,46.67618,18.554688,20.410156,24.707031,6.246872663497925,2024-04-01 15:32:47.407256
74,1.3726971,27.743458,62.650986,47.503124,18.554688,20.410156,24.902344,6.183651685714722,2024-04-01 15:32:53.591256
75,1.3726971,27.954168,63.483536,47.959347,18.554688,20.605469,25.195312,6.23028564453125,2024-04-01 15:32:59.821894
76,2.4848175,29.606556,65.33574,50.740303,18.554688,20.605469,25.292969,6.234251260757446,2024-04-01 15:33:06.056680
77,2.4848175,29.606556,65.705864,51.421326,18.554688,20.605469,25.488281,6.238336801528931,2024-04-01 15:33:12.295503
78,2.4848175,30.120895,66.29269,52.250736,18.554688,20.605469,25.683594,6.338621139526367,2024-04-01 15:33:18.634472
79,2.4848175,30.176575,66.94986,53.492104,18.554688,20.605469,25.878906,6.188446998596191,2024-04-01 15:33:24.823275
80,2.4848175,30.529617,68.70822,54.752632,18.554688,20.605469,26.074219,6.211182117462158,2024-04-01 15:33:31.034800
81,2.4848175,30.53621,69.07257,56.375095,18.554688,20.605469,26.074219,6.305007219314575,2024-04-01 15:33:37.340146
82,2.4848175,31.07442,69.865845,57.477432,18.554688,20.605469,26.074219,6.218062162399292,2024-04-01 15:33:43.558550
83,2.4848175,31.804388,70.58947,58.239807,18.554688,20.703125,26.171875,6.341170310974121,2024-04-01 15:33:49.900062
84,2.4848175,32.193462,70.38722,58.97614,18.554688,20.800781,26.269531,6.430273771286011,2024-04-01 15:33:56.330681
85,2.4848175,33.603947,71.6422,60.86399,18.554688,20.898438,26.269531,6.403574705123901,2024-04-01 15:34:02.734760
86,2.4848175,33.69135,71.74301,61.873627,18.554688,20.996094,26.269531,6.197006464004517,2024-04-01 15:34:08.932107
87,2.4848175,34.177948,72.808075,62.93014,18.554688,20.996094,26.367188,6.251044511795044,2024-04-01 15:34:15.183499
88,2.4848175,34.177948,74.42761,63.175602,18.554688,20.996094,26.660156,6.214323043823242,2024-04-01 15:34:21.398164
89,2.4848175,34.609158,74.24676,65.19026,18.554688,21.191406,26.855469,6.236424207687378,2024-04-01 15:34:27.635030
90,2.4848175,35.133827,74.44495,66.07439,18.554688,21.191406,26.855469,6.181288480758667,2024-04-01 15:34:33.816772
91,2.4848175,35.14009,74.47363,66.552704,18.652344,21.191406,26.855469,6.259201526641846,2024-04-01 15:34:40.076412
92,2.4848175,35.24367,74.68814,66.589134,18.652344,21.289062,27.050781,6.342200994491577,2024-04-01 15:34:46.418997
93,2.4848175,35.86744,76.39021,67.442924,18.652344,21.289062,27.050781,6.259265184402466,2024-04-01 15:34:52.678757
94,2.4848175,36.055466,78.470505,67.94896,18.652344,21.289062,27.050781,6.1873180866241455,2024-04-01 15:34:58.866420
95,2.4848175,37.508614,80.30814,69.73294,18.75,21.289062,27.148438,6.174017667770386,2024-04-01 15:35:05.040875
96,2.4848175,37.89853,81.00838,69.9351,18.75,21.289062,27.34375,6.157325983047485,2024-04-01 15:35:11.198741
97,2.4848175,38.033745,81.15723,71.82646,18.75,21.289062,27.441406,6.403679132461548,2024-04-01 15:35:17.602911
98,2.4848175,40.647312,83.14796,73.05206,18.75,21.386719,27.441406,6.333817958831787,2024-04-01 15:35:23.937134
99,2.4848175,40.647312,83.75336,73.32989,18.75,21.386719,27.441406,6.266974925994873,2024-04-01 15:35:30.204524
100,2.4848175,40.666473,83.87281,74.0523,18.75,21.386719,27.441406,6.393394470214844,2024-04-01 15:35:36.598435
101,2.4848175,40.959206,84.094635,74.26642,18.75,21.386719,27.539062,6.269638538360596,2024-04-01 15:35:42.868638
102,2.4848175,40.959206,84.27829,75.318085,18.75,21.484375,27.539062,6.390243053436279,2024-04-01 15:35:49.259417
103,2.4848175,40.959206,85.39492,77.43196,18.75,21.679688,27.636719,6.263009071350098,2024-04-01 15:35:55.522772
104,2.4848175,41.086685,85.69912,77.98715,18.75,21.679688,27.929688,6.232827425003052,2024-04-01 15:36:01.756068
105,2.4848175,42.138336,86.754974,80.617256,18.75,21.777344,27.929688,6.189616680145264,2024-04-01 15:36:07.946041
106,2.4848175,42.138336,87.74373,81.74292,18.75,21.777344,28.027344,6.380134344100952,2024-04-01 15:36:14.326711
107,2.4848175,42.209824,87.953476,81.76563,18.75,21.972656,28.125,6.366534471511841,2024-04-01 15:36:20.693633
108,2.4848175,42.209824,88.20262,81.76563,18.75,21.972656,28.125,6.297726392745972,2024-04-01 15:36:26.991863
109,2.4848175,42.41098,89.31775,82.67793,18.75,21.972656,28.222656,6.288626194000244,2024-04-01 15:36:33.280844
110,2.4848175,43.042873,90.66231,82.83688,18.75,21.972656,28.222656,6.380285263061523,2024-04-01 15:36:39.661519
111,2.4848175,43.35672,93.12375,83.68222,18.75,22.070312,28.222656,6.3464109897613525,2024-04-01 15:36:46.008446
112,2.4848175,43.46393,93.6603,83.97183,18.75,22.167969,28.222656,6.2647340297698975,2024-04-01 15:36:52.273784
113,2.4848175,43.483055,93.922134,84.447266,18.75,22.265625,28.222656,6.4049742221832275,2024-04-01 15:36:58.679211
114,2.4848175,44.097946,94.395004,85.15383,18.75,22.265625,28.222656,6.241741895675659,2024-04-01 15:37:04.921344
115,2.4848175,44.097946,94.90012,85.61098,18.75,22.363281,28.222656,6.213878631591797,2024-04-01 15:37:11.135781
116,2.4848175,44.546074,95.99617,86.77097,18.75,22.363281,28.320312,6.428961277008057,2024-04-01 15:37:17.565082
117,2.4848175,44.864456,96.686905,87.373886,18.75,22.363281,28.320312,6.230834245681763,2024-04-01 15:37:23.796304
118,2.4848175,44.634308,97.36299,88.28337,18.847656,22.363281,28.320312,6.281847953796387,2024-04-01 15:37:30.078535
119,2.4848175,45.03457,98.65642,89.33587,18.847656,22.363281,28.320312,6.239125967025757,2024-04-01 15:37:36.318193
120,2.4848175,45.0588,99.15263,89.38165,18.945312,22.363281,28.320312,6.385393857955933,2024-04-01 15:37:42.704149
121,2.4848175,45.967514,99.558105,90.5163,18.945312,22.363281,28.515625,6.344231367111206,2024-04-01 15:37:49.048930
122,2.4848175,46.38773,99.63875,91.61135,18.945312,22.363281,28.613281,6.259292840957642,2024-04-01 15:37:55.308605
123,2.4848175,46.54706,100.06479,92.98747,18.945312,22.363281,28.613281,6.361129283905029,2024-04-01 15:38:01.670129
124,2.4848175,46.856445,100.5648,94.173035,18.945312,22.363281,28.613281,6.341390609741211,2024-04-01 15:38:08.011865
125,2.4848175,47.280327,100.92357,95.14853,18.945312,22.363281,28.613281,6.372610092163086,2024-04-01 15:38:14.384823
126,2.4848175,48.363632,101.87549,95.98447,18.945312,22.363281,28.613281,6.355307340621948,2024-04-01 15:38:20.740510
127,2.4848175,48.363632,102.16678,96.1418,18.945312,22.460938,28.613281,6.243244171142578,2024-04-01 15:38:26.984217
128,2.4848175,48.363632,102.20366,96.147,18.945312,22.460938,28.613281,6.5163679122924805,2024-04-01 15:38:33.500983
129,2.4848175,48.363632,102.37602,96.72387,18.945312,22.460938,28.710938,6.219534397125244,2024-04-01 15:38:39.720937
130,2.4848175,48.601,103.6967,97.91673,18.945312,22.460938,28.808594,6.318687438964844,2024-04-01 15:38:46.040004
131,2.4848175,48.601,104.92575,98.511185,18.945312,22.460938,28.808594,6.194990634918213,2024-04-01 15:38:52.235342
132,2.4848175,48.601,105.50376,99.285126,18.945312,22.460938,28.808594,6.217932224273682,2024-04-01 15:38:58.453617
133,2.4848175,48.61609,105.96468,101.08029,18.945312,22.460938,28.808594,6.170715570449829,2024-04-01 15:39:04.624711
134,2.4848175,49.028225,106.26711,101.98712,18.945312,22.460938,28.808594,6.354033708572388,2024-04-01 15:39:10.979325
135,2.4848175,49.028225,107.01807,102.00054,18.945312,22.460938,28.808594,6.247817516326904,2024-04-01 15:39:17.227534
136,2.4848175,50.22847,107.84675,102.14755,18.945312,22.460938,28.808594,6.183746099472046,2024-04-01 15:39:23.411752
137,2.4848175,50.22847,108.12299,102.79911,18.945312,22.460938,28.808594,6.311033725738525,2024-04-01 15:39:29.723137
138,2.4848175,50.623253,109.55679,104.56178,18.945312,22.558594,28.90625,6.268309831619263,2024-04-01 15:39:35.991820
139,2.4848175,51.794044,110.74985,106.82959,18.945312,22.65625,28.90625,6.2674829959869385,2024-04-01 15:39:42.259661
140,2.4848175,52.947327,111.29762,107.89223,18.945312,22.65625,28.90625,6.308321475982666,2024-04-01 15:39:48.568550
141,2.4848175,52.947327,111.69348,108.210335,18.945312,22.65625,28.90625,6.313075542449951,2024-04-01 15:39:54.882027
142,2.4848175,52.947327,111.823456,108.210335,18.945312,22.65625,28.90625,6.212311506271362,2024-04-01 15:40:01.094880
143,2.4848175,53.068726,111.93179,109.508156,18.945312,22.65625,28.90625,6.460049152374268,2024-04-01 15:40:07.555425
144,2.4848175,53.045437,112.14315,109.97336,19.042969,22.65625,29.101562,6.255460739135742,2024-04-01 15:40:13.811372
145,2.4848175,53.767426,113.34119,110.109436,19.140625,22.753906,29.296875,6.232501745223999,2024-04-01 15:40:20.044219
146,2.4848175,54.291157,114.552025,110.61339,19.140625,22.753906,29.296875,6.255793571472168,2024-04-01 15:40:26.300353
147,2.4848175,54.631973,115.27138,110.85663,19.140625,22.753906,29.296875,6.149123907089233,2024-04-01 15:40:32.449863
148,2.4848175,54.666557,115.702286,111.813736,19.140625,22.753906,29.296875,6.2032387256622314,2024-04-01 15:40:38.653631
149,2.4848175,54.740204,117.67039,112.765915,19.140625,22.753906,29.296875,6.295441150665283,2024-04-01 15:40:44.949440
150,2.4848175,55.562138,118.65156,112.72914,19.140625,22.753906,29.394531,6.449563503265381,2024-04-01 15:40:51.399509
151,2.4848175,56.34046,118.82083,113.59314,19.140625,22.753906,29.394531,6.331589698791504,2024-04-01 15:40:57.731589
152,2.4848175,56.34046,118.87697,113.9252,19.140625,22.949219,29.492188,6.267942428588867,2024-04-01 15:41:03.999873
153,2.4848175,56.9114,118.889114,114.54913,19.140625,22.949219,29.492188,6.323176383972168,2024-04-01 15:41:10.323399
154,2.4848175,56.64544,119.17289,114.644806,19.238281,22.949219,29.492188,6.157135248184204,2024-04-01 15:41:16.480913
155,2.4848175,57.052933,119.87418,115.88327,19.238281,22.949219,29.6875,6.400134563446045,2024-04-01 15:41:22.881434
156,2.4848175,57.37232,120.498276,116.18399,19.335938,23.144531,29.785156,6.351330757141113,2024-04-01 15:41:29.233172
157,2.4848175,57.37232,120.61536,117.19122,19.335938,23.242188,29.785156,6.3733062744140625,2024-04-01 15:41:35.606938
158,2.4848175,57.527576,120.82556,118.42465,19.335938,23.242188,29.882812,6.143113374710083,2024-04-01 15:41:41.750420
159,2.4848175,57.787506,121.46236,118.61418,19.433594,23.339844,29.980469,6.245467185974121,2024-04-01 15:41:47.996378
160,2.4848175,58.149208,122.05464,120.27951,19.433594,23.339844,29.980469,6.366566181182861,2024-04-01 15:41:54.363353
161,2.4848175,58.161324,123.03118,120.69178,19.433594,23.339844,29.980469,6.368956565856934,2024-04-01 15:42:00.732648
162,2.4848175,58.161324,123.31847,120.892746,19.433594,23.4375,29.980469,6.118255138397217,2024-04-01 15:42:06.851342
163,2.4848175,59.51191,124.02349,122.62868,19.433594,23.535156,30.078125,6.350306749343872,2024-04-01 15:42:13.202034
164,2.4848175,59.68621,124.17031,123.70623,19.433594,23.535156,30.078125,6.393692493438721,2024-04-01 15:42:19.596233
165,2.4848175,59.967968,124.66118,125.56001,19.433594,23.535156,30.078125,6.171635866165161,2024-04-01 15:42:25.768219
166,2.4848175,60.226894,124.79143,126.40877,19.433594,23.535156,30.078125,6.219386339187622,2024-04-01 15:42:31.987946
167,2.4848175,60.226894,124.938644,125.83934,19.433594,23.535156,30.175781,6.3278515338897705,2024-04-01 15:42:38.316154
168,2.4848175,60.85795,125.345924,126.99495,19.433594,23.535156,30.175781,6.290951728820801,2024-04-01 15:42:44.607550
169,2.4848175,61.34571,126.07669,127.664856,19.53125,23.535156,30.273438,6.276935338973999,2024-04-01 15:42:50.884835
170,2.4848175,61.40676,127.01982,128.6148,19.53125,23.535156,30.273438,6.373769521713257,2024-04-01 15:42:57.258979
171,2.4848175,62.020893,127.225395,128.6148,19.53125,23.632812,30.273438,6.34818434715271,2024-04-01 15:43:03.607506
172,2.4848175,62.66224,128.24402,128.43018,19.53125,23.632812,30.371094,6.33045768737793,2024-04-01 15:43:09.938558
173,2.4848175,62.726913,128.98433,128.685,19.53125,23.730469,30.46875,6.41871190071106,2024-04-01 15:43:16.357617
174,2.4848175,63.543396,128.84297,129.01498,19.53125,23.828125,30.46875,6.273821830749512,2024-04-01 15:43:22.631827
175,2.4848175,63.543396,130.47995,129.4484,19.53125,23.925781,30.46875,6.283717632293701,2024-04-01 15:43:28.915896
176,2.4848175,63.543396,131.26279,130.27417,19.53125,23.925781,30.46875,6.325071334838867,2024-04-01 15:43:35.241308
177,2.4848175,64.11784,131.7348,131.40471,19.53125,24.023438,30.664062,6.322621583938599,2024-04-01 15:43:41.564427
178,2.4848175,64.40653,131.82742,133.31374,19.53125,24.023438,30.761719,6.217164039611816,2024-04-01 15:43:47.781984
179,2.4848175,64.62196,132.343,133.9668,19.53125,24.121094,30.859375,6.274736166000366,2024-04-01 15:43:54.057158
180,2.4848175,64.62196,132.7535,134.44467,19.53125,24.21875,30.859375,6.369847536087036,2024-04-01 15:44:00.427547
181,2.4848175,65.515884,134.33672,135.70554,19.53125,24.21875,30.859375,6.259768009185791,2024-04-01 15:44:06.687655
182,2.4848175,70.469986,136.55164,138.14717,19.53125,24.21875,30.957031,6.326726198196411,2024-04-01 15:44:13.014720
183,2.4848175,70.811066,136.79117,139.3281,19.53125,24.21875,31.054688,6.214862108230591,2024-04-01 15:44:19.229921
184,2.4848175,70.811066,137.06897,139.63107,19.53125,24.21875,31.152344,6.301983594894409,2024-04-01 15:44:25.532252
185,2.4848175,71.242905,138.64752,141.98189,19.53125,24.21875,31.347656,6.345327615737915,2024-04-01 15:44:31.877930
186,2.4848175,73.00937,139.60828,143.34389,19.53125,24.21875,31.347656,6.21340012550354,2024-04-01 15:44:38.091766
187,2.4848175,74.050095,140.8539,144.00505,19.53125,24.316406,31.445312,6.338888883590698,2024-04-01 15:44:44.430997
188,2.4848175,74.50664,140.3424,143.90556,19.53125,24.414062,31.542969,6.166053533554077,2024-04-01 15:44:50.597399
189,2.4848175,74.66083,141.68732,145.19696,19.53125,24.414062,31.542969,6.298265695571899,2024-04-01 15:44:56.896205
190,2.4848175,74.798065,142.27798,145.26805,19.628906,24.511719,31.542969,6.294829607009888,2024-04-01 15:45:03.191382
191,2.4848175,74.85234,142.31436,146.68887,19.628906,24.511719,31.542969,6.371872425079346,2024-04-01 15:45:09.563730
192,2.4848175,75.37355,142.98145,147.10483,19.628906,24.511719,31.542969,6.219556093215942,2024-04-01 15:45:15.783819
193,2.4848175,75.62106,144.45566,148.33328,19.628906,24.511719,31.542969,6.375321388244629,2024-04-01 15:45:22.159482
194,2.4848175,75.62106,144.49396,148.64035,19.628906,24.511719,31.542969,6.250614404678345,2024-04-01 15:45:28.410440
195,2.4848175,76.33046,145.05884,149.76382,19.628906,24.511719,31.542969,6.208922386169434,2024-04-01 15:45:34.619712
196,2.4848175,76.33046,145.4,149.83762,19.628906,24.511719,31.542969,6.220022439956665,2024-04-01 15:45:40.840078
197,2.4848175,76.33046,145.43869,150.49695,19.628906,24.511719,31.542969,6.287395238876343,2024-04-01 15:45:47.128008
198,2.4848175,76.72575,146.49773,151.12993,19.628906,24.511719,31.542969,6.309274673461914,2024-04-01 15:45:53.437682
199,2.4848175,76.97842,147.14136,152.59277,19.726562,24.511719,31.542969,6.161852598190308,2024-04-01 15:45:59.599929
200,2.4848175,77.903,147.6955,152.67273,19.726562,24.511719,31.542969,6.43166971206665,2024-04-01 15:46:06.031987
201,2.4848175,77.975845,148.29028,153.31947,19.726562,24.511719,31.640625,6.3181586265563965,2024-04-01 15:46:12.350631
202,2.4848175,78.316345,149.73982,153.97699,19.726562,24.511719,31.738281,6.2971978187561035,2024-04-01 15:46:18.648191
203,2.4848175,78.35803,150.5183,153.97699,19.726562,24.511719,31.738281,6.315496444702148,2024-04-01 15:46:24.964039
204,2.4848175,78.824295,150.61093,154.95206,19.726562,24.511719,31.835938,6.367404222488403,2024-04-01 15:46:31.331782
205,2.4848175,79.210144,151.46002,154.95206,19.726562,24.511719,31.835938,6.059996604919434,2024-04-01 15:46:37.392117
206,2.4848175,79.24333,152.15424,155.92453,19.726562,24.511719,31.933594,6.2067389488220215,2024-04-01 15:46:43.599209
207,2.4848175,80.33071,153.245,157.53105,19.726562,24.511719,31.933594,6.291283369064331,2024-04-01 15:46:49.890929
208,2.4848175,80.33071,153.35808,158.1753,19.726562,24.511719,32.03125,6.330138206481934,2024-04-01 15:46:56.221606
209,2.4848175,80.361755,154.66814,159.45193,19.726562,24.707031,32.03125,6.268726348876953,2024-04-01 15:47:02.490726
210,2.4848175,80.361755,155.40222,159.5206,19.726562,24.804688,32.03125,6.268749713897705,2024-04-01 15:47:08.759822
211,2.4848175,80.361755,156.5331,160.83559,19.726562,24.804688,32.128906,6.227459907531738,2024-04-01 15:47:14.987630
212,2.4848175,80.361755,157.34476,162.45865,19.726562,24.804688,32.226562,6.3513171672821045,2024-04-01 15:47:21.339289
213,2.4848175,80.361755,157.7962,162.93134,19.726562,24.902344,32.226562,6.326308727264404,2024-04-01 15:47:27.666091
214,2.4848175,80.361755,158.55385,163.8898,19.726562,24.902344,32.226562,6.241372108459473,2024-04-01 15:47:33.907799
215,2.4848175,81.62363,158.82402,164.17523,19.726562,24.902344,32.226562,6.3906872272491455,2024-04-01 15:47:40.298825
216,2.4848175,82.817154,159.70016,164.91455,19.824219,24.902344,32.226562,6.403822660446167,2024-04-01 15:47:46.702994
217,2.4848175,83.317,160.10599,165.32234,19.824219,24.902344,32.226562,6.302884578704834,2024-04-01 15:47:53.006251
218,2.4848175,84.01359,160.26422,165.7813,19.824219,25.0,32.32422,6.406469345092773,2024-04-01 15:47:59.413072
219,2.4848175,85.554726,161.64186,167.78314,19.824219,25.0,32.421875,6.348463296890259,2024-04-01 15:48:05.762049
220,2.4848175,85.60666,162.55646,169.24925,19.824219,25.0,32.421875,6.341103792190552,2024-04-01 15:48:12.103687
221,2.4848175,86.30507,164.90654,170.05206,19.824219,25.0,32.421875,6.358554363250732,2024-04-01 15:48:18.462589
222,2.4848175,86.49094,165.34712,170.24324,19.824219,25.0,32.421875,6.390401124954224,2024-04-01 15:48:24.853507
223,2.4848175,86.62638,165.59088,170.4184,19.824219,25.0,32.421875,6.3777244091033936,2024-04-01 15:48:31.231827
224,2.4848175,86.66824,166.17645,170.58583,19.824219,25.097656,32.421875,6.271233081817627,2024-04-01 15:48:37.503409
225,2.4848175,87.86574,167.27383,172.55984,19.824219,25.097656,32.51953,6.2004430294036865,2024-04-01 15:48:43.704196
226,2.4848175,89.31899,167.44153,173.44841,19.824219,25.195312,32.51953,6.383846759796143,2024-04-01 15:48:50.088523
227,2.4848175,89.31899,167.63348,173.59601,19.824219,25.195312,32.617188,6.2707343101501465,2024-04-01 15:48:56.359654
228,2.4848175,89.31899,167.9015,174.07895,19.824219,25.195312,32.617188,6.2132604122161865,2024-04-01 15:49:02.573258
229,2.4848175,90.11872,168.70525,174.07895,19.824219,25.195312,32.617188,6.186559200286865,2024-04-01 15:49:08.760207
230,2.4848175,90.11872,169.46371,175.11348,19.824219,25.195312,32.617188,6.244423866271973,2024-04-01 15:49:15.005132
231,2.4848175,90.17215,169.8085,175.5059,19.824219,25.195312,32.617188,6.287412643432617,2024-04-01 15:49:21.292926
232,2.4848175,90.17215,170.82892,175.52078,19.824219,25.195312,32.714844,6.35024094581604,2024-04-01 15:49:27.643598
233,2.4848175,90.17215,171.11066,175.62578,19.824219,25.195312,32.714844,6.302138090133667,2024-04-01 15:49:33.946285
234,2.4848175,90.63783,171.32166,175.62578,19.824219,25.195312,32.714844,6.090718507766724,2024-04-01 15:49:40.037568
235,2.4848175,91.15681,171.82672,176.24695,19.824219,25.195312,32.714844,6.289380788803101,2024-04-01 15:49:46.327349
236,2.4848175,91.1878,172.23969,177.96042,19.824219,25.195312,32.714844,6.350055932998657,2024-04-01 15:49:52.677840
237,2.4848175,91.82988,173.25912,178.99765,19.824219,25.195312,32.714844,6.360662221908569,2024-04-01 15:49:59.038977
238,2.4848175,92.47844,174.30371,179.61461,19.824219,25.195312,32.714844,6.366640329360962,2024-04-01 15:50:05.406148
239,2.4848175,92.62245,174.74074,179.80362,19.824219,25.195312,32.714844,6.340615272521973,2024-04-01 15:50:11.747107
240,2.4848175,92.62245,175.22354,179.93892,19.824219,25.195312,32.8125,6.302822113037109,2024-04-01 15:50:18.050408
241,2.4848175,92.63651,175.63844,179.94043,19.824219,25.195312,32.8125,6.302216529846191,2024-04-01 15:50:24.352961
242,2.4848175,92.726685,175.9477,181.34544,19.824219,25.195312,32.8125,6.1856794357299805,2024-04-01 15:50:30.539023
243,2.4848175,92.726685,176.4607,182.46947,19.824219,25.292969,32.8125,6.397566318511963,2024-04-01 15:50:36.936948
244,2.4848175,93.76529,177.43408,183.54593,19.824219,25.292969,32.8125,6.378425598144531,2024-04-01 15:50:43.315904
245,2.4848175,94.04622,177.5075,183.89746,19.824219,25.292969,32.8125,6.348815441131592,2024-04-01 15:50:49.665250
246,2.4848175,94.21555,177.9903,184.90009,19.824219,25.292969,32.8125,6.4542083740234375,2024-04-01 15:50:56.119874
247,2.4848175,94.28597,178.2964,184.90009,19.824219,25.292969,32.8125,6.363843202590942,2024-04-01 15:51:02.484191
248,2.4848175,94.29123,178.68803,185.25922,19.824219,25.292969,32.8125,6.347844362258911,2024-04-01 15:51:08.832653
249,2.4848175,94.71399,179.7515,186.70178,19.824219,25.292969,32.910156,6.282792568206787,2024-04-01 15:51:15.115830
250,2.4848175,95.16943,181.00757,186.94333,19.824219,25.292969,32.910156,6.2917211055755615,2024-04-01 15:51:21.408064
251,2.4848175,95.16943,181.4764,187.10089,19.824219,25.292969,32.910156,6.147629737854004,2024-04-01 15:51:27.556039
252,2.4848175,96.61716,181.80812,188.59157,19.824219,25.292969,32.910156,6.3133485317230225,2024-04-01 15:51:33.869728
253,2.4848175,96.61716,181.8563,188.86337,19.824219,25.292969,32.910156,6.314225912094116,2024-04-01 15:51:40.184316
254,2.4848175,97.05473,182.58812,189.48553,19.824219,25.292969,32.910156,6.425095319747925,2024-04-01 15:51:46.609936
255,2.4848175,97.05473,183.01828,190.56805,19.824219,25.292969,33.007812,6.226099967956543,2024-04-01 15:51:52.836442
256,2.4848175,97.862785,184.46228,190.70876,19.824219,25.292969,33.10547,6.330550909042358,2024-04-01 15:51:59.167382
257,2.4848175,98.17016,184.63138,191.98096,19.824219,25.292969,33.10547,6.227072477340698,2024-04-01 15:52:05.394818
258,2.4848175,99.64041,186.38527,193.3779,19.824219,25.390625,33.10547,6.223340034484863,2024-04-01 15:52:11.618499
259,2.4848175,99.88942,187.70842,193.3779,19.824219,25.585938,33.10547,6.472790718078613,2024-04-01 15:52:18.091634
260,2.4848175,100.48152,187.76866,193.80365,19.824219,25.585938,33.10547,6.284895420074463,2024-04-01 15:52:24.376902
261,2.4848175,100.48152,188.22491,193.80365,19.824219,25.683594,33.10547,6.335584402084351,2024-04-01 15:52:30.712868
262,2.4848175,100.48152,188.96085,195.38553,19.824219,25.683594,33.203125,6.234869956970215,2024-04-01 15:52:36.948239
263,2.4848175,100.48152,188.97635,195.38553,19.824219,25.683594,33.203125,6.144010066986084,2024-04-01 15:52:43.092819
264,2.4848175,100.48152,189.05026,195.38553,19.824219,25.683594,33.203125,6.354710102081299,2024-04-01 15:52:49.447960
265,2.4848175,100.48152,189.67319,196.1617,19.824219,25.683594,33.30078,6.333672046661377,2024-04-01 15:52:55.782160
266,2.4848175,100.48152,190.72601,196.1617,19.824219,25.78125,33.30078,6.331862688064575,2024-04-01 15:53:02.114366
267,2.4848175,100.48152,190.72601,196.47157,19.824219,25.78125,33.30078,6.419613361358643,2024-04-01 15:53:08.534352
268,2.4848175,100.515945,191.79922,196.88478,19.921875,25.78125,33.30078,6.3429388999938965,2024-04-01 15:53:14.877818
269,2.4848175,100.972626,192.2779,197.12926,19.921875,25.78125,33.30078,6.2281811237335205,2024-04-01 15:53:21.106359
270,2.4848175,100.972626,190.1871,197.77013,19.921875,25.878906,33.398438,6.297610759735107,2024-04-01 15:53:27.404429
271,2.4848175,101.381035,190.88475,198.9639,19.921875,25.878906,33.398438,6.073562383651733,2024-04-01 15:53:33.478389
272,2.4848175,101.51526,191.42426,199.2897,19.921875,25.878906,33.398438,6.355400800704956,2024-04-01 15:53:39.834304
273,2.4848175,101.51526,192.32088,199.99718,19.921875,25.878906,33.398438,6.219854831695557,2024-04-01 15:53:46.054657
274,2.4848175,101.51526,192.60196,199.99718,19.921875,25.878906,33.398438,6.320496559143066,2024-04-01 15:53:52.375557
275,2.4848175,101.58528,192.93097,199.99718,19.921875,25.878906,33.398438,6.342810869216919,2024-04-01 15:53:58.718717
276,2.4848175,101.58528,193.68983,199.99718,19.921875,25.878906,33.398438,6.208805799484253,2024-04-01 15:54:04.927895
277,2.4848175,101.58528,193.68983,200.62294,19.921875,25.878906,33.496094,6.2989585399627686,2024-04-01 15:54:11.227197
278,2.4848175,101.92716,194.27838,200.62294,19.921875,25.878906,33.496094,6.380702257156372,2024-04-01 15:54:17.608342
279,2.6468945,102.61795,196.23962,202.28906,19.921875,25.878906,33.496094,6.271687030792236,2024-04-01 15:54:23.880408
280,2.6468945,103.05115,196.40504,203.04855,19.921875,25.878906,33.496094,6.341510534286499,2024-04-01 15:54:30.222309
281,2.6468945,103.78837,196.76807,203.95389,19.921875,25.878906,33.496094,6.245615482330322,2024-04-01 15:54:36.468265
282,2.6468945,103.82395,197.25157,203.84059,19.921875,25.976562,33.59375,6.293799877166748,2024-04-01 15:54:42.762417
283,2.6468945,104.332794,197.78122,203.84059,19.921875,25.976562,33.59375,6.236626386642456,2024-04-01 15:54:48.999475
284,2.6468945,104.33281,198.18912,203.84059,19.921875,25.976562,33.59375,6.195970773696899,2024-04-01 15:54:55.195934
285,2.6468945,104.33281,198.33737,203.96628,19.921875,25.976562,33.59375,6.372272253036499,2024-04-01 15:55:01.568616
286,2.6468945,105.03047,199.2245,205.37872,20.019531,25.976562,33.59375,6.363729000091553,2024-04-01 15:55:07.932751
287,2.6468945,105.2428,199.62741,206.87994,20.019531,25.976562,33.59375,6.148923397064209,2024-04-01 15:55:14.082189
288,2.6468945,105.40405,199.67346,206.8364,20.019531,25.976562,33.691406,6.375981569290161,2024-04-01 15:55:20.458531
289,2.6468945,105.40405,203.07361,207.26007,20.019531,25.976562,33.691406,6.369039058685303,2024-04-01 15:55:26.828092
290,2.6468945,105.50281,203.88434,208.48827,20.019531,25.976562,33.691406,6.37147331237793,2024-04-01 15:55:33.199909
291,2.6468945,106.423355,204.53842,209.22397,20.019531,25.976562,33.691406,6.370853900909424,2024-04-01 15:55:39.571111
292,2.6468945,106.81148,205.86447,210.33604,20.019531,25.976562,33.691406,6.173941373825073,2024-04-01 15:55:45.745391
293,2.6468945,106.81148,205.9852,210.57257,20.019531,26.074219,33.691406,6.394160509109497,2024-04-01 15:55:52.139975
294,2.6468945,106.81148,206.68163,210.59898,20.019531,26.171875,33.691406,6.350431442260742,2024-04-01 15:55:58.490908
295,2.6468945,106.81148,207.12564,210.85953,20.019531,26.269531,33.691406,6.304370880126953,2024-04-01 15:56:04.795621
296,2.6468945,106.83533,207.41782,210.85953,20.019531,26.367188,33.691406,6.3593103885650635,2024-04-01 15:56:11.155277
297,2.6468945,106.89213,207.48026,210.85953,20.117188,26.464844,33.691406,6.333655595779419,2024-04-01 15:56:17.489707
298,2.6468945,106.89213,207.58981,210.74559,20.117188,26.464844,33.789062,6.3263444900512695,2024-04-01 15:56:23.816523
299,2.6468945,107.507614,208.08142,211.66837,20.214844,26.5625,33.789062,6.267204284667969,2024-04-01 15:56:30.084271
300,2.6468945,107.507614,208.49234,211.77014,20.214844,26.5625,33.789062,6.275121450424194,2024-04-01 15:56:36.359752
301,2.6468945,107.507614,208.82169,211.91238,20.214844,26.5625,33.789062,6.339632749557495,2024-04-01 15:56:42.699795
302,2.6468945,108.938995,209.14273,212.12961,20.3125,26.5625,33.789062,6.324060916900635,2024-04-01 15:56:49.024198
303,2.6468945,109.366905,209.5106,212.87323,20.410156,26.5625,33.789062,6.371786832809448,2024-04-01 15:56:55.396401
304,2.6468945,109.366905,210.43065,213.43137,20.410156,26.5625,33.789062,6.3585991859436035,2024-04-01 15:57:01.755390
305,2.6468945,109.72619,210.84818,214.37762,20.410156,26.5625,33.88672,6.246229410171509,2024-04-01 15:57:08.001974
306,2.6468945,110.440216,211.18204,215.43166,20.410156,26.5625,33.88672,6.315621376037598,2024-04-01 15:57:14.318008
307,2.6468945,110.440216,211.32066,215.43166,20.410156,26.5625,33.88672,6.363942623138428,2024-04-01 15:57:20.682387
308,2.6468945,110.440216,211.56812,215.43166,20.410156,26.5625,33.88672,6.182755470275879,2024-04-01 15:57:26.865489
309,2.6468945,110.44588,211.74825,215.59273,20.410156,26.5625,33.88672,6.403899192810059,2024-04-01 15:57:33.269950
310,2.6468945,110.44588,211.74825,215.62984,20.410156,26.5625,33.88672,6.276964902877808,2024-04-01 15:57:39.547386
311,2.6468945,111.33885,212.65414,216.96869,20.410156,26.5625,33.984375,6.319355010986328,2024-04-01 15:57:45.867085
312,2.6468945,111.33885,214.15639,218.16385,20.410156,26.5625,33.984375,6.304469347000122,2024-04-01 15:57:52.172039
313,2.6468945,111.33885,214.1579,218.16385,20.410156,26.5625,33.984375,6.208811283111572,2024-04-01 15:57:58.381204
314,3.0580578,113.74043,216.25473,221.12433,20.410156,26.5625,34.08203,6.341262340545654,2024-04-01 15:58:04.722893
315,3.0580578,113.74043,216.42325,222.0474,20.410156,26.5625,34.08203,6.27451753616333,2024-04-01 15:58:10.997785
316,3.0580578,113.75726,217.23659,222.44818,20.410156,26.5625,34.08203,6.130254507064819,2024-04-01 15:58:17.128536
317,3.0580578,113.75726,217.08702,223.14427,20.410156,26.660156,34.08203,6.374608993530273,2024-04-01 15:58:23.503574
318,3.0580578,114.04697,218.07469,223.5697,20.410156,26.660156,34.08203,6.279529094696045,2024-04-01 15:58:29.783436
319,3.0580578,114.70943,218.72133,223.86304,20.410156,26.660156,34.08203,6.415996313095093,2024-04-01 15:58:36.199835
320,3.0580578,114.70943,218.73207,224.77245,20.410156,26.660156,34.08203,6.283867120742798,2024-04-01 15:58:42.484095
321,3.0580578,115.02898,219.70078,225.99562,20.410156,26.660156,34.08203,6.283345937728882,2024-04-01 15:58:48.767784
322,3.0580578,115.02898,221.24767,226.06056,20.410156,26.660156,34.08203,6.324026584625244,2024-04-01 15:58:55.092162
323,3.0580578,115.48511,221.52328,226.46909,20.410156,26.660156,34.08203,6.3307976722717285,2024-04-01 15:59:01.423307
324,3.0580578,115.48511,221.6377,227.70316,20.410156,26.660156,34.179688,6.247992992401123,2024-04-01 15:59:07.671705
325,3.0580578,115.71071,221.96799,227.7834,20.410156,26.660156,34.179688,6.228089332580566,2024-04-01 15:59:13.900216
326,3.0580578,115.71071,222.87668,228.11452,20.410156,26.660156,34.179688,6.310312747955322,2024-04-01 15:59:20.211214
327,3.0580578,116.03442,222.96155,228.76154,20.410156,26.660156,34.179688,6.157019376754761,2024-04-01 15:59:26.368769
328,3.0580578,116.03442,223.24614,229.19202,20.410156,26.660156,34.179688,6.3908116817474365,2024-04-01 15:59:32.759955
329,3.0580578,116.51518,223.86392,229.42056,20.410156,26.757812,34.179688,6.035225868225098,2024-04-01 15:59:38.795525
330,3.0580578,116.51518,224.0109,229.42056,20.410156,26.757812,34.179688,6.320516586303711,2024-04-01 15:59:45.116391
331,3.0580578,117.15497,225.10088,230.24547,20.410156,26.757812,34.179688,6.260302305221558,2024-04-01 15:59:51.377090
332,3.0580578,117.78801,225.41608,230.28098,20.410156,26.757812,34.179688,6.174365282058716,2024-04-01 15:59:57.551832
333,3.0580578,118.53285,225.71501,230.32306,20.410156,26.757812,34.277344,6.383514881134033,2024-04-01 16:00:03.935759
334,3.0580578,118.99991,226.41565,230.47586,20.507812,26.757812,34.277344,6.322824239730835,2024-04-01 16:00:10.258923
335,3.0580578,118.99991,228.61375,230.47586,20.507812,26.757812,34.277344,6.29314112663269,2024-04-01 16:00:16.552500
336,3.0580578,119.06814,229.8375,230.956,20.507812,26.757812,34.277344,6.24291467666626,2024-04-01 16:00:22.795808
337,3.0580578,119.53817,231.40678,232.64546,20.507812,26.757812,34.277344,6.323095798492432,2024-04-01 16:00:29.119249
338,3.0580578,119.53817,232.26926,232.64546,20.507812,26.757812,34.277344,6.326416015625,2024-04-01 16:00:35.446011
339,3.0580578,119.90553,232.87216,233.46109,20.507812,26.855469,34.375,6.184842348098755,2024-04-01 16:00:41.631197
340,3.0580578,120.505905,233.37212,233.9861,20.507812,26.855469,34.375,6.227961301803589,2024-04-01 16:00:47.859553
341,3.0580578,120.505905,235.54413,234.8989,20.507812,26.855469,34.375,6.313499689102173,2024-04-01 16:00:54.173391
342,3.0580578,120.505905,236.48682,236.15927,20.507812,27.050781,34.375,6.272410869598389,2024-04-01 16:01:00.446169
343,3.0580578,120.71771,237.14885,236.15927,20.507812,27.050781,34.375,6.230125188827515,2024-04-01 16:01:06.676660
344,3.0580578,121.14651,237.85234,236.7792,20.507812,27.050781,34.375,6.296239614486694,2024-04-01 16:01:12.973281
345,3.0580578,121.55133,237.86632,236.7792,20.507812,27.050781,34.375,6.239051342010498,2024-04-01 16:01:19.212809
346,3.0580578,122.50108,238.86781,237.80786,20.507812,27.050781,34.375,6.311263084411621,2024-04-01 16:01:25.524455
347,3.0580578,123.675125,240.20358,239.76163,20.507812,27.050781,34.375,6.032310724258423,2024-04-01 16:01:31.557189
348,3.0580578,123.675125,240.52151,240.52666,20.507812,27.050781,34.375,6.393677473068237,2024-04-01 16:01:37.951292
349,3.0580578,124.32153,240.63205,240.64268,20.507812,27.050781,34.375,6.225943326950073,2024-04-01 16:01:44.177586
350,3.0580578,124.32153,241.05844,241.49597,20.507812,27.050781,34.375,6.297816038131714,2024-04-01 16:01:50.475897
351,3.0580578,124.40086,241.56158,242.21051,20.507812,27.050781,34.472656,6.207665681838989,2024-04-01 16:01:56.683918
352,3.0580578,124.91684,241.96436,243.17957,20.507812,27.050781,34.570312,6.235948085784912,2024-04-01 16:02:02.920540
353,3.0580578,126.84515,243.68289,243.48225,20.507812,27.148438,34.570312,6.29234766960144,2024-04-01 16:02:09.213288
354,3.0580578,126.89896,243.70233,243.48225,20.507812,27.148438,34.570312,6.292748689651489,2024-04-01 16:02:15.506415
355,3.0580578,127.12388,243.81781,243.48225,20.507812,27.148438,34.570312,6.293137311935425,2024-04-01 16:02:21.799896
356,3.0580578,127.335266,243.9682,243.7459,20.507812,27.148438,34.570312,6.275196075439453,2024-04-01 16:02:28.075435
357,3.0580578,128.37634,245.24799,247.19577,20.507812,27.148438,34.66797,6.391763925552368,2024-04-01 16:02:34.467544
358,3.0580578,128.61623,246.04199,247.90286,20.507812,27.148438,34.86328,6.3794167041778564,2024-04-01 16:02:40.847490
359,3.0580578,128.61623,246.17857,248.59988,20.507812,27.148438,34.86328,6.255460262298584,2024-04-01 16:02:47.103347
360,3.0580578,129.08627,246.56323,248.75302,20.507812,27.148438,34.86328,6.238401889801025,2024-04-01 16:02:53.342088
361,3.0580578,129.08627,247.74272,248.97934,20.507812,27.148438,34.86328,6.18716835975647,2024-04-01 16:02:59.529651
362,3.0580578,129.402,248.33975,248.97934,20.507812,27.148438,34.86328,6.232045650482178,2024-04-01 16:03:05.762090
363,3.0580578,129.402,248.46786,249.8063,20.507812,27.148438,34.86328,6.258761882781982,2024-04-01 16:03:12.021210
364,3.0580578,130.10417,249.16946,249.92407,20.605469,27.148438,34.86328,6.197643280029297,2024-04-01 16:03:18.219317
365,3.0580578,131.37587,249.77066,251.6723,20.605469,27.148438,34.86328,6.295845985412598,2024-04-01 16:03:24.515627
366,3.0580578,132.12708,250.04315,251.6723,20.605469,27.148438,34.86328,6.319070339202881,2024-04-01 16:03:30.835067
367,3.0580578,133.3219,250.56134,252.79144,20.605469,27.148438,34.960938,6.178833961486816,2024-04-01 16:03:37.014244
368,3.0580578,133.3219,250.6423,252.9972,20.605469,27.148438,34.960938,6.4078943729400635,2024-04-01 16:03:43.422610
369,3.0580578,134.36243,251.39241,253.05017,20.605469,27.148438,34.960938,6.243569374084473,2024-04-01 16:03:49.666671
370,3.0580578,134.45633,252.09259,253.05017,20.605469,27.148438,34.960938,6.1972644329071045,2024-04-01 16:03:55.864280
371,3.0580578,134.91629,252.99487,253.982,20.605469,27.148438,34.960938,6.349935531616211,2024-04-01 16:04:02.214656
372,3.0580578,134.91629,253.39618,253.982,20.605469,27.148438,34.960938,6.275814056396484,2024-04-01 16:04:08.490837
373,3.0580578,134.91629,253.73456,253.982,20.605469,27.148438,34.960938,6.338263034820557,2024-04-01 16:04:14.829487
374,3.0580578,134.91629,254.0056,254.15462,20.605469,27.148438,34.960938,6.262822151184082,2024-04-01 16:04:21.092833
375,3.0580578,134.91629,254.13098,254.22423,20.605469,27.148438,34.960938,6.254405975341797,2024-04-01 16:04:27.347623
376,3.0580578,134.96945,254.37128,254.89386,20.605469,27.148438,34.960938,6.241237163543701,2024-04-01 16:04:33.589204
377,3.0580578,135.0667,254.40839,254.89386,20.605469,27.148438,34.960938,6.341569185256958,2024-04-01 16:04:39.931253
378,3.0580578,135.28258,254.76578,255.60535,20.605469,27.148438,35.058594,6.279065132141113,2024-04-01 16:04:46.210663
379,3.0580578,135.28258,254.98328,255.98163,20.605469,27.148438,35.058594,6.273677349090576,2024-04-01 16:04:52.484779
380,3.0580578,135.56017,255.51025,257.71948,20.605469,27.148438,35.058594,6.258031129837036,2024-04-01 16:04:58.743303
381,3.0580578,135.56017,255.73604,257.71948,20.605469,27.148438,35.058594,6.229033470153809,2024-04-01 16:05:04.972726
382,3.0580578,135.74263,256.11298,257.71948,20.605469,27.148438,35.058594,6.324164867401123,2024-04-01 16:05:11.297283
383,3.0580578,135.79654,256.26764,258.29752,20.605469,27.148438,35.15625,6.305594205856323,2024-04-01 16:05:17.603337
384,3.0580578,135.81284,257.63666,258.40005,20.605469,27.148438,35.15625,6.303756952285767,2024-04-01 16:05:23.907583
385,3.0580578,135.8635,257.63666,258.40005,20.605469,27.148438,35.15625,6.242816925048828,2024-04-01 16:05:30.150748
386,3.0580578,135.84512,257.8115,258.40005,20.703125,27.148438,35.15625,6.222796201705933,2024-04-01 16:05:36.373888
387,3.0580578,135.84512,257.8117,258.56442,20.703125,27.148438,35.15625,6.2790021896362305,2024-04-01 16:05:42.653575
388,3.0580578,135.85956,258.03275,258.64545,20.703125,27.148438,35.15625,6.253467798233032,2024-04-01 16:05:48.907430
389,3.0580578,135.85956,258.28378,258.41766,20.703125,27.246094,35.351562,6.290986061096191,2024-04-01 16:05:55.198755
390,3.0580578,135.85956,258.3344,258.41766,20.703125,27.246094,35.351562,6.457219123840332,2024-04-01 16:06:01.656326
391,3.0580578,136.06073,258.56873,258.46625,20.703125,27.246094,35.351562,6.19639778137207,2024-04-01 16:06:07.853101
392,3.0580578,136.2157,259.47516,259.6183,20.703125,27.246094,35.351562,6.304994821548462,2024-04-01 16:06:14.158532
393,3.0580578,136.2157,259.54584,259.6183,20.703125,27.246094,35.351562,6.228741884231567,2024-04-01 16:06:20.387858
394,3.0580578,136.2157,260.10855,259.7907,20.703125,27.246094,35.44922,6.129366636276245,2024-04-01 16:06:26.517828
395,3.0580578,136.2157,260.48767,259.7907,20.703125,27.246094,35.44922,6.222682237625122,2024-04-01 16:06:32.740940
396,3.0580578,136.5582,261.9167,260.11884,20.703125,27.246094,35.44922,6.2496795654296875,2024-04-01 16:06:38.991000
397,3.0580578,137.85518,263.7779,260.62878,20.703125,27.246094,35.44922,6.264180421829224,2024-04-01 16:06:45.255847
398,3.0580578,138.46666,264.3803,260.62878,20.703125,27.246094,35.44922,6.206723928451538,2024-04-01 16:06:51.463028
399,3.0580578,138.46666,264.65894,261.9155,20.703125,27.246094,35.546875,6.287931442260742,2024-04-01 16:06:57.751297
400,3.0580578,138.47256,265.39062,261.9155,20.703125,27.246094,35.546875,6.430760383605957,2024-04-01 16:07:04.182414
401,3.0580578,138.78537,266.94705,262.8009,20.800781,27.246094,35.546875,6.3290793895721436,2024-04-01 16:07:10.511857
402,3.0580578,138.89572,267.72366,262.8009,20.800781,27.246094,35.546875,6.302373886108398,2024-04-01 16:07:16.814573
403,3.0580578,139.4472,267.8612,263.3947,20.800781,27.246094,35.546875,6.328227996826172,2024-04-01 16:07:23.143181
404,3.0580578,139.4472,268.20624,263.50818,20.800781,27.246094,35.546875,6.1713268756866455,2024-04-01 16:07:29.315043
405,3.0580578,139.56506,268.4447,263.62308,20.800781,27.246094,35.546875,6.253273963928223,2024-04-01 16:07:35.568755
406,3.0580578,140.43295,269.06506,263.7805,20.800781,27.246094,35.546875,6.366545915603638,2024-04-01 16:07:41.935866
407,3.0580578,140.43295,269.06506,263.86682,20.800781,27.246094,35.546875,6.227250576019287,2024-04-01 16:07:48.163479
408,3.0580578,140.43295,269.32272,264.79462,20.800781,27.246094,35.546875,6.200745105743408,2024-04-01 16:07:54.364686
409,3.0580578,140.43295,269.5406,264.79462,20.800781,27.246094,35.546875,6.222248315811157,2024-04-01 16:08:00.587315
410,3.0580578,140.43295,269.8548,264.79462,20.800781,27.246094,35.546875,6.244232654571533,2024-04-01 16:08:06.831892
411,3.0580578,141.77383,271.00525,264.823,20.800781,27.246094,35.546875,6.35077428817749,2024-04-01 16:08:13.183014
412,3.0580578,141.77383,271.03717,265.1949,20.800781,27.246094,35.546875,6.194488763809204,2024-04-01 16:08:19.377848
413,3.0580578,141.80495,271.62872,265.1949,20.800781,27.246094,35.546875,6.371567487716675,2024-04-01 16:08:25.749823
414,3.0580578,142.06845,274.54752,266.0286,20.800781,27.246094,35.546875,6.159664869308472,2024-04-01 16:08:31.910049
415,3.0580578,143.62479,275.95166,266.2359,20.800781,27.246094,35.546875,6.4208502769470215,2024-04-01 16:08:38.331568
416,3.0580578,145.07614,277.7345,266.2359,20.800781,27.246094,35.546875,6.2943115234375,2024-04-01 16:08:44.626237
417,3.0580578,145.23615,278.88876,266.43576,20.800781,27.34375,35.546875,6.392327547073364,2024-04-01 16:08:51.019046
418,3.0580578,145.23615,279.10538,267.5172,20.800781,27.34375,35.546875,6.240211009979248,2024-04-01 16:08:57.259711
419,3.0580578,146.07718,279.76602,267.6821,20.800781,27.34375,35.546875,6.192904233932495,2024-04-01 16:09:03.453148
420,3.0580578,146.16125,280.54437,268.49173,20.800781,27.34375,35.546875,6.342717409133911,2024-04-01 16:09:09.796256
421,3.0580578,147.19376,282.5097,271.47534,20.800781,27.34375,35.546875,6.351994037628174,2024-04-01 16:09:16.148815
422,3.0580578,147.19376,283.14316,272.1053,20.800781,27.34375,35.546875,6.259165048599243,2024-04-01 16:09:22.408478
423,3.0580578,147.11798,283.5031,272.1767,20.898438,27.34375,35.546875,6.2380030155181885,2024-04-01 16:09:28.647027
424,3.0580578,147.77388,283.87277,272.1767,20.898438,27.34375,35.546875,6.183917045593262,2024-04-01 16:09:34.831287
425,3.0580578,148.02747,284.53683,272.1767,20.898438,27.34375,35.546875,6.3235743045806885,2024-04-01 16:09:41.155359
426,3.0580578,148.0811,284.72537,272.72382,20.898438,27.34375,35.546875,6.127459764480591,2024-04-01 16:09:47.283400
427,3.0580578,148.14946,285.22833,272.873,20.898438,27.34375,35.64453,6.2647693157196045,2024-04-01 16:09:53.548519
428,3.0580578,148.16068,285.22833,273.39737,20.898438,27.34375,35.742188,6.338111162185669,2024-04-01 16:09:59.887342
429,3.0580578,148.26907,285.30133,273.39737,20.898438,27.34375,35.742188,6.330972671508789,2024-04-01 16:10:06.218871
430,3.0580578,148.29019,285.4176,273.47565,20.898438,27.34375,35.742188,6.407593250274658,2024-04-01 16:10:12.626803
431,3.0580578,149.81754,287.20825,274.18246,20.898438,27.34375,35.742188,6.2965757846832275,2024-04-01 16:10:18.924144
432,3.0580578,150.17427,287.85208,274.18246,20.898438,27.34375,35.742188,6.1443963050842285,2024-04-01 16:10:25.068934
433,3.0580578,150.17427,288.3584,274.18246,20.898438,27.34375,35.742188,6.326775074005127,2024-04-01 16:10:31.396091
434,3.0580578,150.39441,288.3584,274.18246,20.898438,27.34375,35.742188,6.162394762039185,2024-04-01 16:10:37.558835
435,3.0580578,150.78304,288.8772,274.18246,20.898438,27.34375,35.742188,6.2279744148254395,2024-04-01 16:10:43.787279
436,3.0580578,151.69087,288.92276,274.25446,20.898438,27.34375,35.742188,6.297419786453247,2024-04-01 16:10:50.085080
437,3.0580578,154.37439,290.87933,276.68805,20.898438,27.441406,35.742188,6.292691946029663,2024-04-01 16:10:56.378293
438,3.0580578,154.37732,291.01202,276.68805,20.898438,27.441406,35.742188,6.28967022895813,2024-04-01 16:11:02.668414
439,3.0580578,154.56023,292.09775,276.7249,20.898438,27.441406,35.742188,6.23095178604126,2024-04-01 16:11:08.899854
440,3.0580578,154.93414,292.57584,278.55597,20.898438,27.441406,35.742188,6.376000881195068,2024-04-01 16:11:15.276203
441,3.0580578,155.12672,293.8121,278.55597,20.898438,27.441406,35.742188,6.345308303833008,2024-04-01 16:11:21.621860
442,3.0580578,156.65027,293.84735,278.75238,20.996094,27.441406,35.742188,6.249183654785156,2024-04-01 16:11:27.871434
443,3.0580578,157.16483,295.06366,279.9792,20.996094,27.441406,35.742188,6.213787078857422,2024-04-01 16:11:34.085562
444,3.0580578,158.0893,295.3545,280.09338,20.996094,27.441406,35.742188,6.357540607452393,2024-04-01 16:11:40.443501
445,3.0580578,158.0893,295.40967,280.42398,20.996094,27.441406,35.742188,6.371116638183594,2024-04-01 16:11:46.815152
446,3.0580578,158.0893,295.49414,280.42398,20.996094,27.441406,35.742188,6.3870158195495605,2024-04-01 16:11:53.202507
447,3.0580578,158.54977,296.4414,281.14926,20.996094,27.441406,35.839844,6.431859254837036,2024-04-01 16:11:59.634714
448,3.0580578,159.11615,297.76587,281.14926,20.996094,27.441406,35.839844,6.2493133544921875,2024-04-01 16:12:05.884570
449,3.0580578,159.11615,298.05115,282.12354,20.996094,27.441406,35.839844,6.13065505027771,2024-04-01 16:12:12.015738
450,3.0580578,159.11615,298.60187,282.12354,20.996094,27.441406,35.839844,6.228425025939941,2024-04-01 16:12:18.244504
451,3.0580578,159.18065,298.68915,283.70914,20.996094,27.441406,35.839844,6.326277494430542,2024-04-01 16:12:24.571196
452,3.0580578,159.54813,299.1474,283.70914,20.996094,27.539062,35.839844,6.361223459243774,2024-04-01 16:12:30.932763
453,3.0580578,159.72432,300.2698,283.97202,20.996094,27.539062,35.839844,6.23370099067688,2024-04-01 16:12:37.166846
454,3.0580578,159.8167,300.45374,283.97202,20.996094,27.539062,35.839844,6.2276177406311035,2024-04-01 16:12:43.394977
455,3.0580578,159.99191,300.45374,285.04123,20.996094,27.539062,35.839844,6.254799842834473,2024-04-01 16:12:49.650117
456,3.0580578,159.99191,300.45758,284.94974,20.996094,27.539062,35.9375,6.332981586456299,2024-04-01 16:12:55.983437
457,3.0580578,159.99191,300.6029,285.52094,20.996094,27.539062,35.9375,6.276706218719482,2024-04-01 16:13:02.260526
458,3.0580578,159.99191,300.99115,285.52094,20.996094,27.539062,35.9375,6.066277980804443,2024-04-01 16:13:08.327205
459,3.0580578,159.99191,301.25137,286.28528,20.996094,27.539062,36.035156,6.351964712142944,2024-04-01 16:13:14.679521
460,3.0580578,159.99191,301.25137,286.83636,20.996094,27.539062,36.035156,6.3683037757873535,2024-04-01 16:13:21.048174
461,3.0580578,160.08704,301.90857,287.157,20.996094,27.539062,36.035156,6.319218158721924,2024-04-01 16:13:27.367839
462,3.0580578,160.08704,302.10916,287.1948,20.996094,27.539062,36.035156,6.368259906768799,2024-04-01 16:13:33.736703
463,3.0580578,159.91583,303.05933,288.41833,21.09375,27.539062,36.035156,6.356921195983887,2024-04-01 16:13:40.094012
464,3.0580578,160.25034,303.2168,289.0228,21.09375,27.539062,36.035156,6.253205299377441,2024-04-01 16:13:46.347756
465,3.0580578,160.25034,303.22156,289.36823,21.09375,27.539062,36.132812,6.110254764556885,2024-04-01 16:13:52.458349
466,3.0580578,160.25034,303.35272,289.36823,21.09375,27.539062,36.132812,6.320904493331909,2024-04-01 16:13:58.779780
467,3.0580578,160.51747,303.99802,291.7072,21.09375,27.539062,36.23047,6.226120948791504,2024-04-01 16:14:05.006244
468,3.0580578,160.78427,304.02826,292.021,21.09375,27.539062,36.328125,6.173469543457031,2024-04-01 16:14:11.180458
469,3.0580578,160.36374,304.04385,292.13312,21.191406,27.539062,36.328125,6.29092264175415,2024-04-01 16:14:17.471783
470,3.0580578,161.31549,304.1351,292.72052,21.191406,27.539062,36.328125,6.376261234283447,2024-04-01 16:14:23.848396
471,3.0580578,163.23663,305.36603,292.72052,21.191406,27.539062,36.328125,6.299855947494507,2024-04-01 16:14:30.148662
472,3.0580578,163.95648,305.37018,293.8119,21.191406,27.539062,36.328125,6.19911527633667,2024-04-01 16:14:36.348154
473,3.0580578,164.04936,306.5926,294.85193,21.191406,27.539062,36.42578,6.245230436325073,2024-04-01 16:14:42.593725
474,3.0580578,164.18866,307.67786,295.27533,21.191406,27.734375,36.42578,6.24175500869751,2024-04-01 16:14:48.835947
475,3.0580578,164.18866,307.66986,295.28247,21.191406,27.832031,36.42578,6.2348246574401855,2024-04-01 16:14:55.071124
476,3.0580578,164.18866,307.9918,295.82947,21.191406,27.832031,36.523438,6.2552759647369385,2024-04-01 16:15:01.326902
477,3.0580578,164.18866,308.40555,295.82947,21.191406,27.832031,36.523438,6.2329795360565186,2024-04-01 16:15:07.560221
478,3.0580578,164.18866,308.70502,295.82947,21.191406,27.832031,36.523438,6.323882818222046,2024-04-01 16:15:13.884443
479,3.0580578,164.18866,308.76556,295.82947,21.191406,27.929688,36.523438,6.3307414054870605,2024-04-01 16:15:20.215596
480,3.0580578,164.18866,308.91846,296.09317,21.191406,27.929688,36.523438,6.325244665145874,2024-04-01 16:15:26.541427
481,3.0580578,164.28171,308.93082,296.09317,21.191406,27.929688,36.523438,6.179751873016357,2024-04-01 16:15:32.721578
482,3.0580578,164.55789,309.87524,296.15445,21.191406,27.929688,36.523438,6.39581823348999,2024-04-01 16:15:39.117829
483,3.0580578,164.55789,310.44824,296.8957,21.191406,27.929688,36.523438,6.381088972091675,2024-04-01 16:15:45.499373
484,3.0580578,164.55789,310.5304,296.8957,21.191406,27.929688,36.523438,6.312136173248291,2024-04-01 16:15:51.811845
485,3.0580578,164.55789,310.68646,297.7401,21.191406,27.929688,36.621094,6.116415977478027,2024-04-01 16:15:57.928628
486,3.0580578,164.87506,310.68646,298.287,21.191406,27.929688,36.621094,6.322300672531128,2024-04-01 16:16:04.251499
487,3.0580578,165.19315,310.71304,298.30756,21.191406,27.929688,36.621094,6.4205098152160645,2024-04-01 16:16:10.672361
488,3.0580578,165.19315,310.71304,298.4565,21.191406,27.929688,36.71875,6.362272500991821,2024-04-01 16:16:17.035003
489,3.0580578,165.37877,310.75818,299.53394,21.191406,27.929688,36.71875,6.2124457359313965,2024-04-01 16:16:23.247786
490,3.0580578,165.63423,311.07178,300.7138,21.191406,27.929688,36.71875,6.340154409408569,2024-04-01 16:16:29.588283
491,3.0580578,165.63423,311.48737,300.7138,21.191406,27.929688,36.71875,6.087136268615723,2024-04-01 16:16:35.676022
492,3.0580578,165.63423,311.97534,301.8159,21.191406,27.929688,36.71875,6.29115104675293,2024-04-01 16:16:41.967513
493,3.0580578,166.16539,312.4777,301.8369,21.191406,27.929688,36.71875,6.319722414016724,2024-04-01 16:16:48.287580
494,3.0580578,166.17157,312.948,302.28186,21.191406,27.929688,36.71875,6.199482202529907,2024-04-01 16:16:54.487436
495,3.0580578,166.65137,313.44186,302.28186,21.191406,27.929688,36.71875,6.404003620147705,2024-04-01 16:17:00.892007
496,3.0580578,166.65137,313.56696,303.2141,21.191406,27.929688,36.71875,6.241786956787109,2024-04-01 16:17:07.134138
497,3.0580578,167.11932,314.85974,303.5793,21.191406,27.929688,36.71875,6.264637470245361,2024-04-01 16:17:13.399352
498,3.0580578,167.11932,315.03574,303.5793,21.191406,27.929688,36.71875,6.267771005630493,2024-04-01 16:17:19.667657
499,3.0580578,167.11932,315.15045,303.97485,21.191406,27.929688,36.816406,6.227776765823364,2024-04-01 16:17:25.895774
500,3.0580578,167.66107,315.414,304.16434,21.191406,28.125,36.816406,6.103790760040283,2024-04-01 16:17:31.999914
501,3.0580578,167.66107,316.1076,304.47455,21.191406,28.125,36.816406,6.295381546020508,2024-04-01 16:17:38.295641
502,3.0580578,167.66107,316.14062,304.47455,21.191406,28.125,36.816406,6.239049911499023,2024-04-01 16:17:44.535035
503,3.0580578,167.66107,317.00113,304.76752,21.191406,28.125,36.816406,6.231048583984375,2024-04-01 16:17:50.766494
504,3.0580578,167.66107,317.8515,305.00452,21.191406,28.125,36.816406,6.313080549240112,2024-04-01 16:17:57.079922
505,3.0580578,167.66107,317.90613,305.00452,21.191406,28.125,36.816406,6.2231903076171875,2024-04-01 16:18:03.303499
506,3.0580578,167.66107,317.9715,305.00452,21.191406,28.125,36.816406,6.252566337585449,2024-04-01 16:18:09.556413
507,3.0580578,168.59277,318.32077,305.67175,21.191406,28.125,36.816406,6.266733646392822,2024-04-01 16:18:15.823538
508,3.0580578,168.59277,318.4913,305.67175,21.191406,28.125,36.816406,6.23522686958313,2024-04-01 16:18:22.059106
509,3.0580578,168.94269,318.5063,305.94714,21.191406,28.125,36.816406,6.316287517547607,2024-04-01 16:18:28.375735
510,3.0580578,168.94269,319.17883,305.94714,21.191406,28.125,36.816406,6.2604594230651855,2024-04-01 16:18:34.636533
511,3.0580578,168.94269,319.21616,306.427,21.191406,28.125,36.816406,6.362527132034302,2024-04-01 16:18:40.999627
512,3.0580578,169.37363,320.23056,307.14017,21.191406,28.125,36.816406,6.3557353019714355,2024-04-01 16:18:47.355712
513,3.0580578,169.37363,320.24048,307.14017,21.191406,28.125,36.816406,6.356929779052734,2024-04-01 16:18:53.712991
514,3.0580578,169.49904,321.09503,307.56104,21.191406,28.125,36.816406,6.193825006484985,2024-04-01 16:18:59.907391
515,3.0580578,170.34586,323.01447,308.2047,21.191406,28.125,36.816406,6.331015348434448,2024-04-01 16:19:06.238870
516,3.0580578,170.39322,323.17105,308.79062,21.191406,28.125,36.816406,6.328507900238037,2024-04-01 16:19:12.567831
517,3.0580578,170.39322,323.4288,309.18854,21.191406,28.125,36.914062,6.305968999862671,2024-04-01 16:19:18.874491
518,3.0580578,170.8801,324.741,309.4674,21.191406,28.125,36.914062,6.239025831222534,2024-04-01 16:19:25.114104
519,3.0580578,170.90176,325.82312,309.8071,21.191406,28.125,36.914062,6.309995174407959,2024-04-01 16:19:31.424535
520,3.0580578,170.90176,325.86646,310.10437,21.191406,28.125,36.914062,6.274541139602661,2024-04-01 16:19:37.699486
521,3.0580578,170.9924,326.97983,311.67987,21.191406,28.125,37.01172,6.35256552696228,2024-04-01 16:19:44.052403
522,3.0580578,170.9924,327.1211,311.76254,21.191406,28.125,37.01172,6.16128945350647,2024-04-01 16:19:50.215025
523,3.0580578,170.9924,327.20215,311.78104,21.191406,28.125,37.01172,6.352794647216797,2024-04-01 16:19:56.568220
524,3.0580578,171.55707,329.59454,312.53802,21.191406,28.125,37.01172,6.379956483840942,2024-04-01 16:20:02.948519
525,3.0580578,171.55707,329.61215,312.53802,21.191406,28.125,37.01172,6.3864665031433105,2024-04-01 16:20:09.335384
526,3.0580578,171.62589,329.94492,313.50946,21.191406,28.125,37.109375,6.338774681091309,2024-04-01 16:20:15.674650
527,3.0580578,172.2054,329.97552,314.39697,21.191406,28.125,37.109375,6.170882940292358,2024-04-01 16:20:21.845880
528,3.0580578,172.48737,330.05878,314.50732,21.191406,28.125,37.109375,6.304113864898682,2024-04-01 16:20:28.150616
529,3.0580578,174.45123,330.81464,315.28696,21.289062,28.125,37.109375,6.347456693649292,2024-04-01 16:20:34.498614
530,3.0580578,174.45123,330.91833,315.28696,21.289062,28.125,37.109375,6.145096302032471,2024-04-01 16:20:40.644053
531,3.1077251,174.90979,333.29453,316.57214,21.289062,28.125,37.109375,6.37525486946106,2024-04-01 16:20:47.019654
532,3.1077251,174.90979,333.82053,317.342,21.289062,28.125,37.20703,6.198692083358765,2024-04-01 16:20:53.218841
533,3.1077251,174.90979,334.20648,318.3333,21.289062,28.125,37.20703,6.21837306022644,2024-04-01 16:20:59.437557
534,3.1077251,174.90979,334.92596,318.3333,21.289062,28.125,37.20703,6.248689889907837,2024-04-01 16:21:05.686647
535,3.1077251,174.99341,334.98413,319.27896,21.289062,28.125,37.20703,6.0961408615112305,2024-04-01 16:21:11.783156
536,3.1077251,175.97531,338.261,320.4896,21.289062,28.125,37.20703,6.249013662338257,2024-04-01 16:21:18.032513
537,3.1077251,176.00107,338.73007,321.47046,21.289062,28.125,37.20703,6.3349950313568115,2024-04-01 16:21:24.367913
538,3.1077251,176.00107,338.73007,321.47046,21.289062,28.125,37.20703,6.258835792541504,2024-04-01 16:21:30.627103
539,3.1077251,176.08066,338.74228,322.46332,21.289062,28.125,37.20703,6.287145614624023,2024-04-01 16:21:36.914592
540,3.1077251,176.08066,338.74228,322.9046,21.289062,28.125,37.20703,6.1890435218811035,2024-04-01 16:21:43.103980
541,3.1077251,176.74088,339.1588,323.32315,21.386719,28.125,37.20703,6.328424453735352,2024-04-01 16:21:49.432748
542,3.1077251,176.74088,339.17783,323.32315,21.386719,28.125,37.20703,6.280473232269287,2024-04-01 16:21:55.713607
543,3.1077251,176.9448,340.03717,323.62976,21.386719,28.125,37.20703,6.345259189605713,2024-04-01 16:22:02.059352
544,3.1077251,177.79962,340.71835,323.89047,21.386719,28.125,37.20703,6.251725912094116,2024-04-01 16:22:08.311661
545,3.1077251,177.79962,340.92596,324.53516,21.386719,28.125,37.20703,6.339853048324585,2024-04-01 16:22:14.651858
546,3.1077251,178.03638,341.1615,324.63947,21.386719,28.125,37.20703,6.19511604309082,2024-04-01 16:22:20.847307
547,3.1077251,178.51448,341.61584,324.63947,21.484375,28.222656,37.20703,6.302276611328125,2024-04-01 16:22:27.149924
548,3.1077251,178.76231,342.0268,324.63947,21.484375,28.222656,37.20703,6.277290105819702,2024-04-01 16:22:33.427548
549,3.1077251,178.76231,342.67426,325.56378,21.484375,28.222656,37.20703,6.352031469345093,2024-04-01 16:22:39.779920
550,3.1077251,178.76231,342.9749,325.56378,21.484375,28.222656,37.20703,6.187382698059082,2024-04-01 16:22:45.967798
551,3.1077251,178.76231,342.98212,326.7443,21.484375,28.222656,37.20703,6.408847332000732,2024-04-01 16:22:52.376991
552,3.1077251,178.94312,343.55646,327.81958,21.484375,28.222656,37.20703,6.170875310897827,2024-04-01 16:22:58.548418
553,3.1077251,178.94312,343.61597,328.44345,21.484375,28.222656,37.20703,6.267334699630737,2024-04-01 16:23:04.816152
554,3.1077251,178.94312,343.6495,328.685,21.484375,28.222656,37.20703,6.381082534790039,2024-04-01 16:23:11.197705
555,3.1077251,178.94312,344.67288,328.69504,21.484375,28.222656,37.20703,6.2612457275390625,2024-04-01 16:23:17.459336
556,3.1077251,178.94312,344.8495,328.69504,21.484375,28.222656,37.20703,6.423716068267822,2024-04-01 16:23:23.883436
557,3.1077251,179.96936,345.5877,328.8692,21.484375,28.222656,37.20703,6.238942384719849,2024-04-01 16:23:30.122720
558,3.1077251,179.96936,345.5915,330.46466,21.484375,28.222656,37.20703,6.3207855224609375,2024-04-01 16:23:36.443846
559,3.1077251,180.13773,347.0838,330.86197,21.484375,28.222656,37.20703,6.322810649871826,2024-04-01 16:23:42.767000
560,3.1077251,180.13773,347.2848,330.87897,21.484375,28.222656,37.20703,6.297039985656738,2024-04-01 16:23:49.064577
561,3.1077251,180.61676,347.36926,331.4064,21.484375,28.222656,37.20703,6.415539979934692,2024-04-01 16:23:55.480546
562,3.1077251,180.61676,347.391,331.4064,21.484375,28.222656,37.20703,6.270235538482666,2024-04-01 16:24:01.751242
563,3.1077251,180.61676,347.56406,331.4495,21.484375,28.222656,37.20703,6.117006063461304,2024-04-01 16:24:07.868587
564,3.1077251,181.03441,347.65314,332.3188,21.484375,28.222656,37.20703,6.202857732772827,2024-04-01 16:24:14.071949
565,3.1077251,181.99902,349.7116,333.10062,21.484375,28.222656,37.20703,6.248234033584595,2024-04-01 16:24:20.320526
566,3.1077251,181.99902,349.7116,334.60956,21.484375,28.222656,37.304688,6.161895275115967,2024-04-01 16:24:26.482827
567,3.1077251,182.41467,349.9293,334.8159,21.484375,28.222656,37.402344,6.319526195526123,2024-04-01 16:24:32.802688
568,3.1077251,182.56746,350.2456,334.93243,21.484375,28.222656,37.402344,6.2654876708984375,2024-04-01 16:24:39.068510
569,3.1077251,182.96193,350.58444,335.6015,21.484375,28.222656,37.402344,6.17086935043335,2024-04-01 16:24:45.239784
570,3.1077251,182.96193,352.6093,335.6015,21.484375,28.222656,37.402344,6.068135499954224,2024-04-01 16:24:51.308400
571,3.1077251,183.48706,353.48676,335.74286,21.484375,28.222656,37.402344,6.403599977493286,2024-04-01 16:24:57.712400
572,3.1077251,183.48706,353.6023,335.74286,21.484375,28.222656,37.402344,6.24241304397583,2024-04-01 16:25:03.955232
573,3.1077251,183.71045,353.91077,336.36926,21.484375,28.222656,37.402344,6.104922294616699,2024-04-01 16:25:10.060625
574,3.1077251,183.71045,354.10413,336.957,21.484375,28.222656,37.402344,6.3630547523498535,2024-04-01 16:25:16.424084
575,3.1077251,183.71045,354.47906,336.957,21.484375,28.222656,37.402344,6.236517667770386,2024-04-01 16:25:22.660954
576,3.1077251,184.32614,354.5028,336.957,21.484375,28.222656,37.402344,6.226412773132324,2024-04-01 16:25:28.887750
577,3.1077251,185.69919,354.84937,336.957,21.484375,28.222656,37.402344,6.292253494262695,2024-04-01 16:25:35.180346
578,3.1077251,185.69919,355.39453,337.625,21.484375,28.222656,37.5,6.2691473960876465,2024-04-01 16:25:41.449869
579,3.1077251,186.72592,355.7512,337.625,21.484375,28.222656,37.5,6.185958385467529,2024-04-01 16:25:47.636171
580,3.1077251,186.72592,356.53387,337.625,21.484375,28.222656,37.5,6.432530403137207,2024-04-01 16:25:54.069092
581,3.1077251,186.72592,357.16025,338.1539,21.484375,28.222656,37.5,6.28115701675415,2024-04-01 16:26:00.350630
582,3.1077251,186.85846,357.397,339.00418,21.484375,28.222656,37.5,6.345458745956421,2024-04-01 16:26:06.696644
583,3.1077251,187.53638,358.43756,339.00418,21.484375,28.222656,37.5,6.338406324386597,2024-04-01 16:26:13.035528
584,3.1077251,187.53638,358.47003,340.7669,21.484375,28.222656,37.695312,6.2927610874176025,2024-04-01 16:26:19.328771
585,3.1077251,187.53638,358.88788,340.7669,21.484375,28.222656,37.695312,6.273672819137573,2024-04-01 16:26:25.602836
586,3.1077251,187.53638,358.96588,340.7669,21.484375,28.222656,37.695312,6.314762830734253,2024-04-01 16:26:31.917935
587,3.1077251,187.48987,359.17914,340.86914,21.582031,28.222656,37.695312,6.374058485031128,2024-04-01 16:26:38.292433
588,3.1077251,187.48987,359.17914,340.86914,21.582031,28.222656,37.695312,6.277660369873047,2024-04-01 16:26:44.570486
589,3.1077251,189.3117,361.00897,342.52942,21.582031,28.222656,37.695312,6.215325593948364,2024-04-01 16:26:50.786344
590,3.1077251,189.54773,362.07993,343.66812,21.582031,28.222656,37.695312,6.310039043426514,2024-04-01 16:26:57.096733
591,3.1077251,189.54773,362.51886,343.87686,21.582031,28.222656,37.695312,6.444693326950073,2024-04-01 16:27:03.541827
592,3.1077251,191.22704,362.87802,343.87686,21.582031,28.222656,37.695312,6.429980754852295,2024-04-01 16:27:09.972202
593,3.1077251,191.64491,365.4306,344.28928,21.582031,28.222656,37.695312,6.337276458740234,2024-04-01 16:27:16.309825
594,3.1077251,192.13521,366.1289,344.28928,21.582031,28.222656,37.695312,6.428930759429932,2024-04-01 16:27:22.739165
595,3.1077251,192.13521,366.21332,344.28928,21.582031,28.222656,37.695312,6.208675861358643,2024-04-01 16:27:28.948190
596,3.1077251,193.65692,367.68536,344.50537,21.679688,28.222656,37.695312,6.2237021923065186,2024-04-01 16:27:35.172440
597,3.1077251,194.27805,368.21768,345.2804,21.679688,28.222656,37.695312,6.304769992828369,2024-04-01 16:27:41.477605
598,3.1077251,195.01915,368.27524,345.86252,21.679688,28.222656,37.79297,6.353257179260254,2024-04-01 16:27:47.831241
599,3.1077251,195.01915,368.34854,346.12543,21.679688,28.222656,37.79297,6.208850622177124,2024-04-01 16:27:54.040433
600,3.1077251,195.01915,368.45316,347.78094,21.679688,28.222656,37.79297,6.284001350402832,2024-04-01 16:28:00.324986
601,3.1077251,195.29353,368.76685,347.78094,21.679688,28.222656,37.79297,6.370603322982788,2024-04-01 16:28:06.696270
602,3.1077251,195.29353,368.9181,347.8815,21.679688,28.222656,37.79297,6.200021266937256,2024-04-01 16:28:12.897060
603,3.1077251,195.42276,368.96036,348.76697,21.679688,28.222656,37.79297,6.29355263710022,2024-04-01 16:28:19.191068
604,3.1077251,195.42276,368.964,348.76697,21.679688,28.222656,37.79297,6.468473672866821,2024-04-01 16:28:25.660026
605,3.1077251,195.97311,370.33844,350.22733,21.679688,28.222656,37.79297,6.267220973968506,2024-04-01 16:28:31.927635
606,3.1077251,195.9932,370.93616,350.31152,21.679688,28.222656,37.79297,6.315270900726318,2024-04-01 16:28:38.243248
607,3.1077251,197.00815,371.5425,350.96368,21.679688,28.222656,37.79297,6.359434127807617,2024-04-01 16:28:44.603070
608,3.1077251,197.00815,372.30142,351.35498,21.679688,28.222656,37.79297,6.2366838455200195,2024-04-01 16:28:50.840108
609,3.1077251,197.00815,373.28763,351.88766,21.679688,28.222656,37.79297,6.442841053009033,2024-04-01 16:28:57.283293
610,3.1077251,197.46054,373.93576,351.88766,21.679688,28.222656,37.79297,6.324715852737427,2024-04-01 16:29:03.608524
611,3.6488101,199.60106,376.13977,354.81207,21.679688,28.222656,37.79297,6.33930778503418,2024-04-01 16:29:09.948295
612,3.6488101,199.60106,376.56763,354.81207,21.679688,28.222656,37.79297,6.247187376022339,2024-04-01 16:29:16.196175
613,3.6488101,199.6272,376.6145,354.81207,21.679688,28.222656,37.79297,6.18351149559021,2024-04-01 16:29:22.380345
614,3.6488101,199.66132,377.30496,354.93265,21.679688,28.222656,37.890625,6.220794916152954,2024-04-01 16:29:28.601517
615,3.6488101,199.66132,377.30496,354.93265,21.679688,28.222656,37.890625,6.419120788574219,2024-04-01 16:29:35.021088
616,3.6488101,200.13608,377.86926,355.14597,21.679688,28.222656,37.890625,6.2852911949157715,2024-04-01 16:29:41.306819
617,3.6488101,200.13608,378.03506,356.03433,21.679688,28.222656,37.890625,6.385547399520874,2024-04-01 16:29:47.692706
618,3.6488101,200.63605,378.13852,358.33844,21.679688,28.222656,37.890625,6.283194303512573,2024-04-01 16:29:53.976463
619,3.6488101,200.63605,378.9513,358.24365,21.679688,28.222656,37.98828,6.201239109039307,2024-04-01 16:30:00.178087
620,3.6488101,201.27072,379.33807,358.47104,21.679688,28.222656,37.98828,6.430039167404175,2024-04-01 16:30:06.608479
621,3.6488101,201.95773,380.09714,360.20187,21.679688,28.222656,37.98828,6.181098461151123,2024-04-01 16:30:12.789999
622,3.6488101,202.2344,380.78644,360.94363,21.679688,28.222656,37.98828,6.229670763015747,2024-04-01 16:30:19.020108
623,3.6488101,203.21268,382.4634,361.69818,21.679688,28.222656,37.98828,6.212490558624268,2024-04-01 16:30:25.232943
624,3.6488101,203.21268,382.4653,361.69818,21.679688,28.222656,37.98828,6.159228801727295,2024-04-01 16:30:31.392694
625,3.6488101,203.21268,383.52338,366.09143,21.679688,28.222656,37.98828,6.227321147918701,2024-04-01 16:30:37.620518
626,3.6488101,203.21268,384.07953,366.09143,21.679688,28.222656,37.98828,6.109236478805542,2024-04-01 16:30:43.730185
627,3.6488101,205.0924,385.67957,369.00995,21.679688,28.222656,38.085938,6.472824335098267,2024-04-01 16:30:50.203443
628,3.6488101,205.35103,386.411,369.28204,21.679688,28.222656,38.085938,6.28597092628479,2024-04-01 16:30:56.490192
629,3.6488101,205.64845,386.44666,369.60834,21.679688,28.222656,38.085938,6.2792088985443115,2024-04-01 16:31:02.769776
630,3.6488101,205.64845,386.47037,370.7246,21.679688,28.222656,38.085938,6.3004796504974365,2024-04-01 16:31:09.070638
631,3.6488101,205.64845,386.52737,370.7246,21.679688,28.222656,38.085938,6.336545705795288,2024-04-01 16:31:15.407716
632,3.6488101,205.73093,386.9342,371.1336,21.679688,28.222656,38.085938,6.283966064453125,2024-04-01 16:31:21.692032
633,3.6488101,205.7494,388.18134,372.2918,21.679688,28.222656,38.183594,6.290269613265991,2024-04-01 16:31:27.982858
634,3.6488101,207.07689,388.67615,373.81012,21.679688,28.222656,38.28125,6.244794130325317,2024-04-01 16:31:34.228042
635,3.6488101,207.08151,390.18237,374.39035,21.679688,28.222656,38.28125,6.251489639282227,2024-04-01 16:31:40.479903
636,3.6488101,207.08151,390.54892,374.80362,21.679688,28.222656,38.28125,6.411947727203369,2024-04-01 16:31:46.892196
637,3.6488101,207.08151,390.59412,375.08258,21.679688,28.222656,38.28125,6.215328216552734,2024-04-01 16:31:53.107876
638,3.6488101,207.08151,391.33582,375.08685,21.679688,28.222656,38.28125,6.397958040237427,2024-04-01 16:31:59.506380
639,3.6488101,207.50107,391.33582,375.7199,21.679688,28.222656,38.28125,6.288802623748779,2024-04-01 16:32:05.795527
640,3.6488101,207.50107,391.58533,376.4944,21.679688,28.222656,38.28125,6.215881586074829,2024-04-01 16:32:12.011754
641,3.6488101,207.7253,391.7826,376.4944,21.679688,28.222656,38.28125,6.2995359897613525,2024-04-01 16:32:18.311658
642,3.6488101,210.35922,391.83218,376.76498,21.679688,28.222656,38.28125,6.220775604248047,2024-04-01 16:32:24.532920
643,3.6488101,210.35922,392.64532,377.73657,21.679688,28.222656,38.378906,6.3089599609375,2024-04-01 16:32:30.842389
644,3.6488101,210.35922,392.80783,377.87518,21.679688,28.222656,38.378906,6.596925973892212,2024-04-01 16:32:37.439662
645,3.6488101,210.35922,393.4671,378.8977,21.679688,28.222656,38.378906,6.307755470275879,2024-04-01 16:32:43.747906
646,3.6488101,210.68564,393.8029,380.33746,21.679688,28.222656,38.378906,6.3311920166015625,2024-04-01 16:32:50.079441
647,3.6488101,210.68564,393.8328,380.51474,21.679688,28.222656,38.378906,6.176509141921997,2024-04-01 16:32:56.256297
648,3.887929,212.75099,396.3632,381.47308,21.679688,28.222656,38.378906,6.362901210784912,2024-04-01 16:33:02.619580
649,3.887929,212.83948,396.37976,381.47308,21.679688,28.222656,38.378906,6.214839696884155,2024-04-01 16:33:08.834924
650,3.887929,212.83948,397.74698,381.36548,21.679688,28.222656,38.476562,6.267330884933472,2024-04-01 16:33:15.102745
651,3.887929,213.43619,398.49463,381.36548,21.679688,28.222656,38.476562,6.321028470993042,2024-04-01 16:33:21.424114
652,3.887929,213.44614,398.49463,381.62006,21.679688,28.222656,38.476562,6.269613742828369,2024-04-01 16:33:27.694070
653,3.887929,213.44614,398.5926,381.80582,21.679688,28.222656,38.476562,6.3140034675598145,2024-04-01 16:33:34.008667
654,3.887929,213.44614,398.64926,381.80582,21.679688,28.222656,38.476562,6.370626449584961,2024-04-01 16:33:40.380147
655,3.887929,213.44614,398.91272,381.87634,21.679688,28.222656,38.476562,6.382858037948608,2024-04-01 16:33:46.763354
656,3.887929,213.54752,399.35022,385.3214,21.679688,28.222656,38.476562,6.184487819671631,2024-04-01 16:33:52.948217
657,3.887929,213.6851,399.435,386.1569,21.679688,28.222656,38.57422,6.336923360824585,2024-04-01 16:33:59.285803
658,3.887929,213.74377,399.6281,387.27853,21.679688,28.222656,38.57422,6.273431301116943,2024-04-01 16:34:05.559613
659,3.887929,213.74377,400.43353,387.27853,21.679688,28.222656,38.57422,6.327052116394043,2024-04-01 16:34:11.887064
660,3.887929,214.56598,400.56067,387.27853,21.679688,28.222656,38.57422,6.244070768356323,2024-04-01 16:34:18.131475
661,3.887929,214.56598,401.2376,387.94727,21.679688,28.320312,38.57422,6.371922492980957,2024-04-01 16:34:24.503739
662,3.887929,214.56598,401.35547,388.07104,21.679688,28.320312,38.57422,6.353185176849365,2024-04-01 16:34:30.857457
663,3.887929,214.56598,402.2799,388.60196,21.679688,28.320312,38.57422,6.4094297885894775,2024-04-01 16:34:37.267362
664,3.887929,214.75238,402.32623,388.60196,21.679688,28.320312,38.57422,6.22094464302063,2024-04-01 16:34:43.488796
665,3.887929,215.88623,403.0443,390.7707,21.679688,28.320312,38.671875,6.258500576019287,2024-04-01 16:34:49.747678
666,3.887929,215.88623,403.5209,391.62982,21.679688,28.320312,38.671875,6.303508996963501,2024-04-01 16:34:56.051548
667,3.887929,215.88623,403.5209,391.66095,21.679688,28.320312,38.671875,6.4361937046051025,2024-04-01 16:35:02.488089
668,3.887929,215.88623,403.53674,391.66095,21.679688,28.320312,38.671875,6.382663011550903,2024-04-01 16:35:08.871127
669,3.887929,215.88623,403.5432,391.66095,21.679688,28.320312,38.671875,6.1685850620269775,2024-04-01 16:35:15.040199
670,3.887929,215.88623,404.0531,391.66095,21.679688,28.320312,38.671875,6.239940404891968,2024-04-01 16:35:21.280488
671,3.887929,215.88623,404.0531,391.66095,21.679688,28.320312,38.671875,6.314620494842529,2024-04-01 16:35:27.595501
672,3.887929,216.04341,404.6861,391.63763,21.679688,28.417969,38.76953,6.182676076889038,2024-04-01 16:35:33.778522
673,3.887929,217.06442,405.43738,395.05676,21.679688,28.417969,38.76953,6.412517070770264,2024-04-01 16:35:40.191382
674,3.887929,217.06442,405.66864,395.05676,21.679688,28.417969,38.76953,6.344099283218384,2024-04-01 16:35:46.535824
675,3.887929,217.06442,405.7751,395.29987,21.679688,28.417969,38.76953,6.322044610977173,2024-04-01 16:35:52.858223
676,3.887929,217.5686,406.2672,395.29987,21.679688,28.417969,38.76953,6.1566760540008545,2024-04-01 16:35:59.015247
677,3.887929,217.5686,407.1007,395.79144,21.679688,28.417969,38.76953,6.393065929412842,2024-04-01 16:36:05.408652
678,3.887929,217.5686,407.1007,396.05585,21.679688,28.417969,38.867188,6.298983812332153,2024-04-01 16:36:11.708015
679,3.887929,217.5686,407.10364,396.09454,21.679688,28.417969,38.867188,6.2800517082214355,2024-04-01 16:36:17.988421
680,3.887929,217.5686,407.14227,396.12036,21.679688,28.417969,38.964844,6.237802028656006,2024-04-01 16:36:24.226913
681,3.887929,218.02356,407.24857,396.23636,21.679688,28.417969,38.964844,6.240571737289429,2024-04-01 16:36:30.467816
682,3.887929,218.02356,407.32507,396.23636,21.679688,28.417969,38.964844,6.418351173400879,2024-04-01 16:36:36.886582
683,3.887929,218.27704,407.52863,396.2663,21.679688,28.417969,38.964844,6.085578918457031,2024-04-01 16:36:42.972650
684,3.887929,218.26265,407.90222,396.2663,21.777344,28.417969,38.964844,6.270033121109009,2024-04-01 16:36:49.243064
685,3.887929,218.26265,408.5648,397.4093,21.777344,28.417969,38.964844,6.217645645141602,2024-04-01 16:36:55.461262
686,3.887929,218.26265,408.68066,397.4093,21.777344,28.417969,38.964844,6.314679861068726,2024-04-01 16:37:01.776325
687,3.887929,218.26265,408.69537,397.77966,21.777344,28.417969,38.964844,6.207321405410767,2024-04-01 16:37:07.984054
688,3.887929,218.75235,409.1585,398.29907,21.777344,28.417969,38.964844,6.331185817718506,2024-04-01 16:37:14.315634
689,3.887929,218.75235,409.3496,398.86615,21.777344,28.417969,38.964844,6.329010963439941,2024-04-01 16:37:20.644983
690,3.887929,219.08093,409.38574,399.16107,21.777344,28.417969,38.964844,6.304378509521484,2024-04-01 16:37:26.949887
691,3.887929,219.27252,409.56335,399.16107,21.777344,28.417969,38.964844,6.2650370597839355,2024-04-01 16:37:33.215265
692,3.887929,220.02747,409.56335,399.6625,21.777344,28.417969,38.964844,6.331743001937866,2024-04-01 16:37:39.547393
693,3.887929,220.02747,409.56873,399.66507,21.777344,28.417969,38.964844,6.283420562744141,2024-04-01 16:37:45.831161
694,3.887929,220.02747,409.56873,399.9705,21.777344,28.417969,38.964844,6.323263883590698,2024-04-01 16:37:52.154775
695,3.887929,220.4,409.8815,399.88474,21.777344,28.417969,39.0625,6.267922401428223,2024-04-01 16:37:58.423169
696,3.887929,220.4,409.9088,399.88474,21.777344,28.417969,39.0625,6.347350120544434,2024-04-01 16:38:04.770890
697,3.887929,220.74393,410.24402,401.5878,21.777344,28.417969,39.160156,6.388253927230835,2024-04-01 16:38:11.159680
698,3.887929,220.74393,410.25613,401.627,21.777344,28.417969,39.160156,6.400239944458008,2024-04-01 16:38:17.560314
699,3.887929,220.74393,410.30664,401.3845,21.777344,28.417969,39.257812,6.139051675796509,2024-04-01 16:38:23.699866
700,3.887929,220.85304,410.50137,401.53094,21.777344,28.417969,39.257812,6.209676742553711,2024-04-01 16:38:29.909883
701,3.887929,220.85304,412.4549,402.2157,21.777344,28.417969,39.257812,6.253802299499512,2024-04-01 16:38:36.164020
702,3.887929,221.27975,412.79263,402.90234,21.777344,28.417969,39.257812,6.206835746765137,2024-04-01 16:38:42.371209
703,3.887929,221.27975,413.18,403.01413,21.777344,28.417969,39.257812,6.225836277008057,2024-04-01 16:38:48.597389
704,3.887929,221.27975,413.83673,403.50845,21.777344,28.417969,39.257812,6.453675985336304,2024-04-01 16:38:55.051599
705,3.887929,221.28874,413.83673,403.66284,21.777344,28.417969,39.257812,6.194504261016846,2024-04-01 16:39:01.246447
706,3.887929,221.61845,414.0196,404.98727,21.777344,28.417969,39.257812,6.221314907073975,2024-04-01 16:39:07.468430
707,3.887929,221.61845,414.5028,405.21417,21.777344,28.417969,39.35547,6.341600179672241,2024-04-01 16:39:13.810646
708,3.887929,221.8401,414.74786,405.83432,21.777344,28.417969,39.35547,6.277385950088501,2024-04-01 16:39:20.088370
709,3.887929,221.8401,414.78323,406.68445,21.777344,28.417969,39.35547,6.227511405944824,2024-04-01 16:39:26.316256
710,3.887929,221.8401,415.03784,406.68445,21.777344,28.417969,39.35547,6.330883264541626,2024-04-01 16:39:32.647502
711,3.887929,221.8067,415.21838,406.847,21.875,28.417969,39.35547,6.275983572006226,2024-04-01 16:39:38.924021
712,3.887929,222.24364,415.9884,407.04614,21.875,28.417969,39.35547,6.248540163040161,2024-04-01 16:39:45.173025
713,3.887929,222.24364,416.3758,409.6247,21.875,28.417969,39.35547,6.199007511138916,2024-04-01 16:39:51.372415
714,3.887929,222.83209,416.3758,409.6247,21.875,28.417969,39.35547,6.448062181472778,2024-04-01 16:39:57.820865
715,3.887929,222.83209,416.424,409.6756,21.875,28.417969,39.35547,6.314011573791504,2024-04-01 16:40:04.135399
716,3.887929,222.83209,416.76593,409.9668,21.875,28.417969,39.453125,6.313082218170166,2024-04-01 16:40:10.448819
717,3.887929,223.09882,417.18405,411.22644,21.875,28.417969,39.453125,6.262598991394043,2024-04-01 16:40:16.711851
718,3.887929,223.05002,417.1965,411.89316,21.972656,28.417969,39.453125,6.386405944824219,2024-04-01 16:40:23.098607
719,3.887929,223.05002,417.32703,411.78497,21.972656,28.417969,39.55078,6.233273506164551,2024-04-01 16:40:29.332221
720,3.887929,224.30676,419.07904,414.27335,21.972656,28.417969,39.55078,6.273128986358643,2024-04-01 16:40:35.605786
721,3.887929,225.26859,419.77075,414.643,21.972656,28.417969,39.55078,6.43351149559021,2024-04-01 16:40:42.039667
722,3.887929,225.26859,420.2001,415.2293,21.972656,28.417969,39.55078,6.2847185134887695,2024-04-01 16:40:48.324729
723,3.887929,225.26859,420.8898,416.55515,21.972656,28.417969,39.55078,6.249453783035278,2024-04-01 16:40:54.574557
724,3.887929,225.26859,420.83206,416.55515,21.972656,28.515625,39.55078,6.3688883781433105,2024-04-01 16:41:00.943786
725,3.887929,225.26859,421.45718,417.06836,21.972656,28.515625,39.55078,6.476288795471191,2024-04-01 16:41:07.420423
726,3.887929,225.26859,421.45718,417.25903,21.972656,28.515625,39.55078,6.32071328163147,2024-04-01 16:41:13.741523
727,3.887929,225.26859,422.046,417.25903,21.972656,28.515625,39.55078,6.189011096954346,2024-04-01 16:41:19.930940
728,3.887929,226.20886,423.68365,417.3541,21.972656,28.515625,39.55078,6.300292015075684,2024-04-01 16:41:26.231583
729,3.887929,226.53568,424.208,417.75275,21.972656,28.515625,39.55078,6.311244249343872,2024-04-01 16:41:32.543174
730,3.887929,226.53568,424.3343,417.75275,21.972656,28.515625,39.55078,6.200591564178467,2024-04-01 16:41:38.744195
731,3.887929,226.53568,424.7052,417.75275,21.972656,28.515625,39.55078,6.274502515792847,2024-04-01 16:41:45.019046
732,3.887929,227.30698,425.67844,418.5468,21.972656,28.515625,39.55078,6.273200750350952,2024-04-01 16:41:51.292587
733,3.887929,227.30698,426.82635,419.03882,21.972656,28.515625,39.55078,6.298426866531372,2024-04-01 16:41:57.591411
734,3.887929,227.542,427.205,419.03882,21.972656,28.515625,39.55078,6.408203601837158,2024-04-01 16:42:03.999960
735,3.887929,227.70181,427.28662,419.7444,21.972656,28.515625,39.55078,6.245635509490967,2024-04-01 16:42:10.246029
736,3.887929,227.70181,427.28662,420.0232,21.972656,28.515625,39.55078,6.233187198638916,2024-04-01 16:42:16.479549
737,3.887929,227.70181,427.61377,420.26202,21.972656,28.515625,39.55078,6.234982967376709,2024-04-01 16:42:22.714883
738,3.887929,227.70181,427.6443,423.67514,21.972656,28.515625,39.55078,6.31149697303772,2024-04-01 16:42:29.026714
739,3.887929,227.89963,427.6443,423.7436,21.972656,28.515625,39.648438,6.216648817062378,2024-04-01 16:42:35.243703
740,3.887929,228.78307,427.7339,424.97714,21.972656,28.515625,39.648438,6.3105387687683105,2024-04-01 16:42:41.554576
741,3.887929,229.16423,428.08765,425.4853,21.972656,28.515625,39.648438,6.2367870807647705,2024-04-01 16:42:47.791702
742,3.887929,229.16423,428.43106,426.6253,21.972656,28.515625,39.648438,6.185885190963745,2024-04-01 16:42:53.977932
743,3.887929,229.60257,429.72333,427.65488,21.972656,28.515625,39.648438,6.458163022994995,2024-04-01 16:43:00.436438
744,3.887929,229.93274,429.79193,428.1455,21.972656,28.515625,39.648438,6.335482835769653,2024-04-01 16:43:06.772308
745,3.887929,229.93274,430.35754,429.17258,21.972656,28.515625,39.648438,6.367960214614868,2024-04-01 16:43:13.140644
746,3.887929,229.93274,430.35754,429.17258,21.972656,28.515625,39.648438,6.436214208602905,2024-04-01 16:43:19.577250
747,3.887929,230.69385,431.10153,429.46613,21.972656,28.515625,39.648438,6.441474914550781,2024-04-01 16:43:26.019151
748,4.5019026,233.54564,433.69547,431.99023,21.972656,28.515625,39.648438,6.348953008651733,2024-04-01 16:43:32.368454
749,4.5019026,233.54564,433.77008,433.21307,21.972656,28.515625,39.648438,6.032792568206787,2024-04-01 16:43:38.401639
750,4.5019026,233.54564,433.7769,433.21307,21.972656,28.515625,39.648438,6.3714823722839355,2024-04-01 16:43:44.773508
751,4.5019026,233.55338,433.95972,433.72565,21.972656,28.515625,39.648438,6.424309968948364,2024-04-01 16:43:51.198381
752,4.5019026,233.55338,433.95972,433.72565,21.972656,28.515625,39.648438,6.256834983825684,2024-04-01 16:43:57.455557
753,4.5019026,234.09647,433.961,434.59442,21.972656,28.515625,39.648438,6.315545082092285,2024-04-01 16:44:03.771447
754,4.5019026,234.90549,435.8787,434.59442,22.070312,28.515625,39.648438,6.2961742877960205,2024-04-01 16:44:10.067982
755,4.5019026,235.10175,436.07074,434.6492,22.070312,28.515625,39.648438,6.499430418014526,2024-04-01 16:44:16.567761
756,4.5019026,235.10175,436.74686,435.49802,22.070312,28.515625,39.648438,6.127663850784302,2024-04-01 16:44:22.695765
757,4.5019026,235.3216,437.03064,435.49802,22.070312,28.515625,39.648438,6.2593584060668945,2024-04-01 16:44:28.955463
758,4.5019026,235.3216,437.07642,435.49802,22.070312,28.515625,39.648438,6.1393678188323975,2024-04-01 16:44:35.095178
759,4.5019026,235.3216,438.63214,436.08826,22.070312,28.515625,39.648438,6.2829883098602295,2024-04-01 16:44:41.378513
760,4.5019026,236.00583,438.67746,436.08826,22.070312,28.515625,39.648438,6.131786823272705,2024-04-01 16:44:47.510670
761,4.5019026,237.62689,438.89,436.08826,22.070312,28.515625,39.648438,6.48035740852356,2024-04-01 16:44:53.991370
762,4.5019026,237.62689,439.45654,436.6444,22.070312,28.515625,39.648438,6.2720770835876465,2024-04-01 16:45:00.263793
763,4.5019026,237.62689,440.01862,436.6444,22.070312,28.515625,39.648438,6.3031816482543945,2024-04-01 16:45:06.567406
764,4.5019026,237.8136,440.75165,437.42426,22.070312,28.515625,39.648438,6.3437066078186035,2024-04-01 16:45:12.911463
765,4.5019026,237.8136,440.8595,437.2028,22.070312,28.515625,39.746094,6.335984468460083,2024-04-01 16:45:19.247793
766,4.5019026,238.07597,441.11636,437.2028,22.070312,28.515625,39.746094,6.5180888175964355,2024-04-01 16:45:25.766310
767,4.5019026,238.07597,441.11636,437.8012,22.070312,28.515625,39.746094,6.246031999588013,2024-04-01 16:45:32.012723
768,4.5019026,238.39157,441.64044,438.28302,22.070312,28.515625,39.746094,6.335696697235107,2024-04-01 16:45:38.348801
769,4.5019026,239.83575,442.02768,438.3354,22.070312,28.515625,39.746094,6.310782194137573,2024-04-01 16:45:44.659964
770,4.5019026,240.42505,442.04852,438.3354,22.167969,28.515625,39.746094,6.229613304138184,2024-04-01 16:45:50.889916
771,4.5019026,240.42505,442.05365,439.87366,22.167969,28.515625,39.84375,6.32726263999939,2024-04-01 16:45:57.217525
772,4.5019026,241.08887,443.21396,442.044,22.167969,28.515625,39.941406,6.346257448196411,2024-04-01 16:46:03.564163
773,4.5019026,241.08887,443.91534,442.044,22.167969,28.515625,39.941406,6.342641830444336,2024-04-01 16:46:09.907146
774,4.5019026,241.88846,444.8194,443.16852,22.167969,28.515625,40.039062,6.186658620834351,2024-04-01 16:46:16.094150
775,4.5019026,241.88846,444.964,443.41165,22.167969,28.515625,40.039062,6.1534645557403564,2024-04-01 16:46:22.248167
776,4.5019026,242.03807,445.3377,443.41165,22.167969,28.515625,40.039062,6.3993449211120605,2024-04-01 16:46:28.647861
777,4.5019026,242.03807,445.5208,443.84253,22.167969,28.613281,40.039062,6.2100043296813965,2024-04-01 16:46:34.858214
778,4.5019026,242.47902,446.03656,445.31464,22.167969,28.613281,40.039062,6.276272773742676,2024-04-01 16:46:41.135044
779,4.5019026,242.47902,446.51764,445.58386,22.167969,28.613281,40.13672,6.412651300430298,2024-04-01 16:46:47.548050
780,4.5019026,243.15538,447.69772,446.1564,22.167969,28.613281,40.234375,6.302341938018799,2024-04-01 16:46:53.850746
781,4.5019026,243.15538,448.0857,446.1564,22.167969,28.613281,40.234375,6.336170673370361,2024-04-01 16:47:00.187454
782,4.5019026,243.15538,448.13873,446.57104,22.167969,28.613281,40.234375,6.212978839874268,2024-04-01 16:47:06.400785
783,4.5019026,243.15538,448.13873,446.57104,22.167969,28.613281,40.234375,6.312277555465698,2024-04-01 16:47:12.713711
784,4.5019026,243.15538,448.13873,446.75665,22.167969,28.613281,40.234375,6.295382738113403,2024-04-01 16:47:19.009480
785,4.5019026,243.15538,448.45508,448.00067,22.167969,28.613281,40.234375,6.383008003234863,2024-04-01 16:47:25.393004
786,4.5019026,243.15538,448.9282,449.2003,22.167969,28.613281,40.234375,6.23877477645874,2024-04-01 16:47:31.632161
787,4.5019026,243.26595,449.2893,449.7909,22.167969,28.613281,40.234375,6.351442098617554,2024-04-01 16:47:37.983952
788,4.5019026,243.26595,449.3637,450.3339,22.167969,28.613281,40.234375,6.239969968795776,2024-04-01 16:47:44.224376
789,4.5019026,243.26595,449.4342,450.3339,22.167969,28.613281,40.234375,6.227690935134888,2024-04-01 16:47:50.452454
790,4.5019026,243.26595,450.34137,451.6878,22.167969,28.613281,40.234375,6.278538465499878,2024-04-01 16:47:56.731391
791,4.5019026,244.26286,450.73114,451.69745,22.167969,28.613281,40.234375,6.32285737991333,2024-04-01 16:48:03.054912
792,4.5019026,244.26286,451.3103,452.0263,22.167969,28.613281,40.234375,6.268824100494385,2024-04-01 16:48:09.324324
793,4.5019026,244.26286,451.68155,452.51736,22.167969,28.613281,40.234375,6.261109352111816,2024-04-01 16:48:15.585810
794,4.5019026,244.65512,452.49393,453.5758,22.167969,28.613281,40.234375,6.416265487670898,2024-04-01 16:48:22.002595
795,4.5019026,244.65512,452.98395,453.5758,22.167969,28.613281,40.234375,6.30414605140686,2024-04-01 16:48:28.307353
796,4.5019026,244.65512,452.98395,453.5758,22.167969,28.613281,40.234375,6.144373178482056,2024-04-01 16:48:34.452166
797,4.5019026,244.65512,453.17282,453.5758,22.167969,28.613281,40.234375,6.391215562820435,2024-04-01 16:48:40.844352
798,4.5019026,244.65512,453.17282,453.62076,22.167969,28.613281,40.33203,6.402146339416504,2024-04-01 16:48:47.246932
799,4.5019026,244.65512,453.17282,453.66434,22.167969,28.613281,40.429688,6.208618402481079,2024-04-01 16:48:53.456138
800,4.5019026,244.65512,453.24274,453.66434,22.167969,28.710938,40.429688,6.260576248168945,2024-04-01 16:48:59.717059
801,4.5019026,245.20164,453.67142,454.3855,22.167969,28.710938,40.429688,6.229647874832153,2024-04-01 16:49:05.947101
802,4.5019026,245.20164,453.80405,454.3855,22.167969,28.710938,40.429688,6.319273233413696,2024-04-01 16:49:12.266726
803,4.5019026,245.20164,453.98993,454.3855,22.167969,28.710938,40.429688,6.3179707527160645,2024-04-01 16:49:18.585196
804,4.5019026,245.20164,454.1442,454.3855,22.167969,28.710938,40.429688,6.1949684619903564,2024-04-01 16:49:24.780544
805,4.5019026,245.2999,454.1442,456.00052,22.167969,28.710938,40.429688,6.387108564376831,2024-04-01 16:49:31.168193
806,4.5019026,245.2999,454.39584,456.00052,22.167969,28.710938,40.429688,6.340209722518921,2024-04-01 16:49:37.508748
807,4.5019026,245.2999,454.39584,456.00052,22.167969,28.710938,40.429688,6.2132837772369385,2024-04-01 16:49:43.722413
808,4.5019026,245.2999,454.77808,456.00052,22.167969,28.710938,40.429688,6.2298359870910645,2024-04-01 16:49:49.952584
809,4.5019026,245.2999,454.77808,455.9538,22.167969,28.710938,40.527344,6.399518013000488,2024-04-01 16:49:56.352492
810,4.5019026,245.2999,454.86273,456.89227,22.167969,28.710938,40.527344,6.277191162109375,2024-04-01 16:50:02.630079
811,4.5019026,245.57751,455.11444,459.51212,22.167969,28.710938,40.722656,6.26544451713562,2024-04-01 16:50:08.895916
812,4.5019026,245.57751,455.67627,459.51212,22.167969,28.808594,40.722656,6.375882863998413,2024-04-01 16:50:15.272155
813,4.5019026,245.57751,455.82333,460.0431,22.167969,28.808594,40.722656,6.296160697937012,2024-04-01 16:50:21.568873
814,4.5019026,245.57751,455.82333,460.0431,22.167969,28.808594,40.722656,6.266415357589722,2024-04-01 16:50:27.835670
815,4.5019026,245.57751,456.06323,460.0431,22.167969,28.808594,40.722656,6.4399003982543945,2024-04-01 16:50:34.275977
816,4.5019026,245.57751,456.4464,460.0431,22.167969,28.808594,40.722656,6.245808124542236,2024-04-01 16:50:40.522125
817,4.5019026,246.12604,456.77426,460.0431,22.167969,28.808594,40.722656,6.277101516723633,2024-04-01 16:50:46.799606
818,4.5019026,246.12604,456.84753,460.0431,22.167969,28.808594,40.722656,6.316438913345337,2024-04-01 16:50:53.116489
819,4.5019026,246.26138,457.424,460.99445,22.167969,28.808594,40.722656,6.254753589630127,2024-04-01 16:50:59.372157
820,4.5019026,246.26138,457.4734,460.99445,22.167969,28.808594,40.722656,6.436627626419067,2024-04-01 16:51:05.809137
821,4.5019026,246.26138,457.58112,461.65637,22.167969,28.808594,40.722656,6.261876344680786,2024-04-01 16:51:12.071560
822,4.5019026,246.26138,458.0282,461.65637,22.167969,28.808594,40.722656,6.303181886672974,2024-04-01 16:51:18.375095
823,4.5019026,246.26138,458.19318,461.93353,22.167969,28.808594,40.722656,6.158390045166016,2024-04-01 16:51:24.533832
824,4.5019026,247.13571,458.52103,461.93353,22.167969,28.808594,40.722656,6.292685270309448,2024-04-01 16:51:30.827217
825,4.5019026,247.13571,458.52103,461.93353,22.167969,28.808594,40.722656,6.2265942096710205,2024-04-01 16:51:37.054374
826,4.5019026,247.13571,458.60358,462.29016,22.167969,28.808594,40.722656,6.419210910797119,2024-04-01 16:51:43.474172
827,4.5019026,247.13571,458.84387,462.70825,22.167969,28.808594,40.722656,6.21712064743042,2024-04-01 16:51:49.691752
828,4.5019026,247.13571,459.50195,463.80923,22.167969,28.808594,40.820312,6.344291687011719,2024-04-01 16:51:56.036389
829,4.5019026,247.13571,460.76196,464.9826,22.167969,28.808594,40.820312,6.258127212524414,2024-04-01 16:52:02.295207
830,4.5019026,247.13571,460.8039,465.25934,22.167969,28.808594,40.820312,6.272253513336182,2024-04-01 16:52:08.567804
831,4.5019026,247.13571,461.1911,465.25934,22.167969,28.808594,40.820312,6.326700687408447,2024-04-01 16:52:14.894887
832,4.5019026,247.13571,461.56177,465.25934,22.167969,28.808594,40.820312,6.3888678550720215,2024-04-01 16:52:21.284420
833,4.5019026,247.13571,461.6187,465.67047,22.167969,28.808594,40.820312,6.3727147579193115,2024-04-01 16:52:27.657535
834,4.5019026,247.13571,461.6187,465.67047,22.167969,28.808594,40.820312,6.3372907638549805,2024-04-01 16:52:33.995362
835,4.5019026,247.13571,462.1905,465.67047,22.167969,28.808594,40.820312,6.259207010269165,2024-04-01 16:52:40.254911
836,4.5019026,247.13571,462.86707,465.67047,22.167969,28.808594,40.820312,6.301167964935303,2024-04-01 16:52:46.556518
837,4.5019026,247.18945,463.51373,465.67047,22.167969,28.808594,40.820312,6.372920751571655,2024-04-01 16:52:52.929878
838,4.5019026,247.18945,464.763,465.67047,22.167969,28.808594,40.820312,6.31174635887146,2024-04-01 16:52:59.241971
839,4.5019026,247.18945,464.763,466.3368,22.167969,28.808594,40.91797,6.383126497268677,2024-04-01 16:53:05.625647
840,4.5019026,247.65282,466.27298,466.96542,22.167969,28.808594,40.91797,6.4250757694244385,2024-04-01 16:53:12.051121
841,4.5019026,247.65282,466.34424,468.10825,22.167969,28.808594,40.91797,6.254464626312256,2024-04-01 16:53:18.306100
842,4.5019026,247.65282,466.4627,468.4602,22.167969,28.808594,40.91797,6.3675103187561035,2024-04-01 16:53:24.673997
843,4.5019026,248.40225,466.50916,468.4633,22.167969,28.808594,40.91797,6.317063570022583,2024-04-01 16:53:30.991400
844,4.5019026,248.78845,466.53787,468.4633,22.167969,28.808594,40.91797,6.391982555389404,2024-04-01 16:53:37.383718
845,4.5019026,248.78845,466.90115,468.4633,22.167969,28.808594,40.91797,6.234753847122192,2024-04-01 16:53:43.618859
846,4.5019026,248.78845,467.00232,468.4633,22.167969,28.808594,40.91797,6.31558084487915,2024-04-01 16:53:49.935042
847,4.5019026,248.91374,467.31418,468.4633,22.167969,28.808594,40.91797,6.3275980949401855,2024-04-01 16:53:56.263208
848,4.5019026,249.14395,468.31543,468.4633,22.167969,28.808594,40.91797,6.296432971954346,2024-04-01 16:54:02.559977
849,4.5019026,249.14395,468.4555,468.4633,22.167969,28.808594,40.91797,6.238796234130859,2024-04-01 16:54:08.799122
850,4.5019026,249.14395,468.95984,468.94028,22.167969,28.808594,40.91797,6.247764825820923,2024-04-01 16:54:15.047297
851,4.5019026,249.23782,469.06244,468.94028,22.167969,28.808594,40.91797,6.172844886779785,2024-04-01 16:54:21.220505
852,4.5019026,249.23782,470.20868,469.91748,22.167969,28.808594,40.91797,6.280967950820923,2024-04-01 16:54:27.501875
853,4.5019026,249.23782,470.35513,470.59238,22.167969,28.808594,40.91797,6.2852256298065186,2024-04-01 16:54:33.787529
854,4.5019026,249.23782,470.35513,470.64752,22.167969,28.808594,40.91797,6.172174453735352,2024-04-01 16:54:39.960047
855,4.5019026,250.60413,470.92926,470.64752,22.167969,28.808594,40.91797,6.1367316246032715,2024-04-01 16:54:46.097126
856,4.5019026,250.62318,471.7684,471.7845,22.167969,28.808594,40.91797,6.424670219421387,2024-04-01 16:54:52.522177
857,4.5019026,251.18321,472.03915,471.7845,22.167969,28.808594,40.91797,6.414861440658569,2024-04-01 16:54:58.937568
858,4.5019026,251.23936,472.87616,471.7845,22.167969,28.808594,40.91797,6.215112686157227,2024-04-01 16:55:05.153067
859,4.5019026,251.23936,473.46936,473.1199,22.167969,28.808594,40.91797,6.275007724761963,2024-04-01 16:55:11.428605
860,4.5019026,251.23936,473.48444,473.1199,22.167969,28.808594,40.91797,6.199341535568237,2024-04-01 16:55:17.628428
861,4.5019026,251.23936,473.99158,473.417,22.167969,28.808594,40.91797,6.332390785217285,2024-04-01 16:55:23.961205
862,4.5019026,251.51984,474.56625,474.54364,22.167969,28.808594,40.91797,6.277520418167114,2024-04-01 16:55:30.239112
863,4.5019026,251.6819,474.71588,474.54364,22.167969,28.808594,40.91797,6.369925022125244,2024-04-01 16:55:36.609428
864,4.5019026,252.17696,475.9387,476.15594,22.167969,28.808594,40.91797,6.33354640007019,2024-04-01 16:55:42.943366
865,4.5019026,252.17696,476.46796,477.239,22.167969,28.808594,40.91797,6.24918794631958,2024-04-01 16:55:49.192903
866,4.5019026,253.03848,476.49277,477.239,22.167969,28.808594,40.91797,6.297211170196533,2024-04-01 16:55:55.490496
867,4.5019026,253.25685,477.18683,477.91064,22.265625,28.808594,40.91797,6.351538181304932,2024-04-01 16:56:01.842452
868,4.5019026,253.25685,477.612,477.91064,22.265625,28.808594,40.91797,6.321287393569946,2024-04-01 16:56:08.164176
869,4.5019026,253.25685,478.0378,477.99487,22.265625,28.808594,40.91797,6.19969630241394,2024-04-01 16:56:14.364475
870,4.5019026,253.25685,478.0378,477.99487,22.265625,28.808594,40.91797,6.380306959152222,2024-04-01 16:56:20.745264
871,4.5019026,253.25685,478.4385,477.99487,22.265625,28.808594,40.91797,6.194303274154663,2024-04-01 16:56:26.940039
872,4.5019026,253.25685,478.69952,477.99487,22.265625,28.808594,40.91797,6.366666078567505,2024-04-01 16:56:33.307275
873,4.5019026,253.25685,478.69952,477.99487,22.265625,28.808594,40.91797,6.283382177352905,2024-04-01 16:56:39.591007
874,4.5019026,253.25685,478.72403,479.14114,22.265625,28.808594,41.015625,6.464251756668091,2024-04-01 16:56:46.055693
875,4.5019026,253.44778,479.2376,479.14114,22.265625,28.808594,41.015625,6.4755260944366455,2024-04-01 16:56:52.531557
876,4.5019026,253.65231,479.30444,479.70752,22.265625,28.808594,41.015625,6.254477262496948,2024-04-01 16:56:58.786379
877,4.5019026,253.65231,479.30444,481.61108,22.265625,28.808594,41.015625,6.513847351074219,2024-04-01 16:57:05.300692
878,4.5019026,253.65231,479.37103,481.61108,22.265625,28.808594,41.015625,6.29109001159668,2024-04-01 16:57:11.592323
879,4.5019026,253.65231,479.42438,483.44046,22.265625,28.808594,41.015625,6.462092876434326,2024-04-01 16:57:18.054851
880,4.5019026,253.67207,480.0723,484.11142,22.265625,28.808594,41.015625,6.311668634414673,2024-04-01 16:57:24.367056
881,4.5019026,253.67207,480.4331,483.96164,22.265625,28.808594,41.11328,6.282844066619873,2024-04-01 16:57:30.650436
882,4.5019026,253.67207,480.58475,484.19284,22.265625,28.808594,41.11328,6.406870126724243,2024-04-01 16:57:37.057711
883,4.5019026,253.67207,481.26825,484.85703,22.265625,28.808594,41.210938,6.179333686828613,2024-04-01 16:57:43.237499
884,4.5019026,253.67207,481.87823,484.85703,22.265625,28.808594,41.210938,6.464141368865967,2024-04-01 16:57:49.702036
885,4.5019026,253.7492,481.87958,484.85703,22.265625,28.808594,41.210938,6.228523015975952,2024-04-01 16:57:55.931000
886,4.5019026,253.7492,482.00208,485.08466,22.265625,28.808594,41.210938,6.105881452560425,2024-04-01 16:58:02.037264
887,4.5019026,253.7492,482.37543,485.08466,22.265625,28.808594,41.210938,6.257446765899658,2024-04-01 16:58:08.295268
888,4.5019026,253.7492,482.83636,485.08466,22.265625,28.90625,41.210938,6.38634729385376,2024-04-01 16:58:14.681956
889,4.5019026,253.98499,482.8391,485.11658,22.265625,28.90625,41.210938,6.4264891147613525,2024-04-01 16:58:21.108814
890,4.5019026,255.04956,483.2054,485.32523,22.265625,28.90625,41.210938,6.031141519546509,2024-04-01 16:58:27.140367
891,4.5019026,255.04956,483.7379,485.32523,22.265625,28.90625,41.210938,6.213595628738403,2024-04-01 16:58:33.354342
892,4.5019026,255.04956,483.99792,488.36957,22.265625,28.90625,41.308594,6.3318140506744385,2024-04-01 16:58:39.686499
893,4.5019026,256.13693,484.1357,489.36398,22.265625,28.90625,41.308594,6.1831371784210205,2024-04-01 16:58:45.870109
894,4.5019026,256.2143,484.29608,489.36398,22.265625,28.90625,41.308594,6.239581108093262,2024-04-01 16:58:52.110037
895,4.5019026,256.2143,484.29608,489.85117,22.265625,28.90625,41.308594,6.147933006286621,2024-04-01 16:58:58.258475
896,4.5019026,256.2143,484.57202,491.3313,22.265625,28.90625,41.40625,6.439248323440552,2024-04-01 16:59:04.698081
897,4.5019026,256.2143,484.66226,491.3313,22.265625,29.003906,41.40625,6.33994460105896,2024-04-01 16:59:11.038422
898,4.5019026,256.67297,485.25946,491.49182,22.265625,29.003906,41.40625,6.354361534118652,2024-04-01 16:59:17.393119
899,4.5019026,257.59384,485.483,492.19687,22.265625,29.003906,41.40625,6.285786867141724,2024-04-01 16:59:23.679282
900,4.5019026,257.59384,485.483,492.19687,22.265625,29.003906,41.40625,6.49252986907959,2024-04-01 16:59:30.172157
901,4.5019026,257.59384,485.54587,492.4946,22.265625,29.003906,41.40625,6.318318605422974,2024-04-01 16:59:36.490813
902,4.5019026,257.59384,485.54587,493.00806,22.265625,29.003906,41.40625,6.281298398971558,2024-04-01 16:59:42.772484
903,4.5019026,257.59384,486.2002,495.00873,22.265625,29.003906,41.503906,6.210702419281006,2024-04-01 16:59:48.983576
904,4.5019026,257.68362,486.2002,495.2804,22.265625,29.003906,41.503906,6.2515881061553955,2024-04-01 16:59:55.235515
905,4.5019026,257.68362,486.55685,496.18823,22.265625,29.003906,41.503906,6.299295425415039,2024-04-01 17:00:01.535246
906,4.5019026,259.32324,487.85944,497.28867,22.265625,29.003906,41.503906,6.315492630004883,2024-04-01 17:00:07.851077
907,4.5019026,259.36847,488.66925,497.28867,22.265625,29.003906,41.503906,6.326751232147217,2024-04-01 17:00:14.178167
908,4.5019026,259.4157,488.72318,498.7442,22.265625,29.003906,41.503906,6.395865440368652,2024-04-01 17:00:20.574464
909,4.5019026,259.4157,488.81216,498.7442,22.265625,29.003906,41.503906,6.281562328338623,2024-04-01 17:00:26.856367
910,4.5019026,259.4157,488.81512,499.21265,22.265625,29.003906,41.503906,6.237901210784912,2024-04-01 17:00:33.094660
911,4.5019026,259.65216,488.85657,499.95016,22.265625,29.003906,41.503906,6.422924757003784,2024-04-01 17:00:39.518077
912,4.5019026,259.65216,489.06366,500.1402,22.265625,29.003906,41.503906,6.201879978179932,2024-04-01 17:00:45.720338
913,4.5019026,259.65216,489.21967,500.1402,22.265625,29.003906,41.503906,6.163806915283203,2024-04-01 17:00:51.884520
914,4.5019026,260.09723,489.27145,500.33826,22.265625,29.003906,41.503906,6.330308198928833,2024-04-01 17:00:58.215221
915,4.5019026,260.5202,489.44028,500.33826,22.265625,29.003906,41.503906,6.314011573791504,2024-04-01 17:01:04.529582
916,4.5019026,260.54645,489.61932,500.33875,22.265625,29.003906,41.503906,6.2500832080841064,2024-04-01 17:01:10.780112
917,4.5019026,260.54645,489.67294,500.33875,22.265625,29.003906,41.503906,6.342373847961426,2024-04-01 17:01:17.122876
918,4.5019026,260.54645,490.4719,502.65082,22.265625,29.003906,41.503906,6.140878915786743,2024-04-01 17:01:23.264122
919,4.5019026,261.3056,490.48157,503.44824,22.265625,29.003906,41.503906,6.283401966094971,2024-04-01 17:01:29.547869
920,4.5019026,262.6735,490.63593,504.76605,22.265625,29.003906,41.503906,6.288862705230713,2024-04-01 17:01:35.837074
921,4.5019026,262.75296,490.8647,505.91592,22.265625,29.003906,41.503906,6.286689519882202,2024-04-01 17:01:42.124151
922,4.5019026,262.75296,490.91748,505.91592,22.265625,29.003906,41.503906,6.291406869888306,2024-04-01 17:01:48.415897
923,4.5019026,262.75296,490.91748,505.91592,22.265625,29.003906,41.503906,6.411355495452881,2024-04-01 17:01:54.827705
924,4.5019026,263.0349,491.2466,506.89737,22.265625,29.003906,41.503906,6.250219345092773,2024-04-01 17:02:01.078486
925,4.5019026,263.0349,491.2466,506.89737,22.265625,29.003906,41.503906,6.145320892333984,2024-04-01 17:02:07.224240
926,4.5019026,264.50803,491.4303,506.89737,22.363281,29.003906,41.503906,6.227356433868408,2024-04-01 17:02:13.452280
927,4.5019026,264.50803,491.93646,509.41214,22.363281,29.003906,41.503906,6.3274009227752686,2024-04-01 17:02:19.780046
928,4.5019026,265.88806,492.2707,508.76086,22.363281,29.003906,41.601562,6.180647611618042,2024-04-01 17:02:25.961034
929,4.5019026,265.88806,492.31647,508.76086,22.363281,29.003906,41.601562,6.4646525382995605,2024-04-01 17:02:32.426076
930,4.5019026,266.3457,492.995,508.76086,22.363281,29.003906,41.601562,6.305545330047607,2024-04-01 17:02:38.731964
931,4.5019026,266.3457,493.50378,508.94073,22.363281,29.003906,41.601562,6.253041505813599,2024-04-01 17:02:44.985538
932,4.5019026,266.7064,493.50378,508.94073,22.363281,29.003906,41.601562,6.3538219928741455,2024-04-01 17:02:51.339789
933,4.5019026,267.61856,494.32178,509.51596,22.363281,29.003906,41.601562,6.417200088500977,2024-04-01 17:02:57.757330
934,4.5019026,267.61856,495.57895,509.9888,22.363281,29.003906,41.601562,6.183847427368164,2024-04-01 17:03:03.941694
935,4.5019026,268.20444,495.69977,509.9888,22.363281,29.003906,41.601562,6.249029636383057,2024-04-01 17:03:10.191138
936,4.5019026,268.20444,496.05276,509.9888,22.363281,29.003906,41.601562,6.1644511222839355,2024-04-01 17:03:16.355941
937,4.5019026,268.50262,496.4539,510.09344,22.363281,29.003906,41.601562,6.340263843536377,2024-04-01 17:03:22.696550
938,4.5019026,268.50262,496.47437,510.09344,22.363281,29.003906,41.601562,6.306784629821777,2024-04-01 17:03:29.003811
939,4.5019026,268.50262,496.65344,510.3283,22.363281,29.003906,41.601562,6.107650518417358,2024-04-01 17:03:35.111798
940,4.5019026,268.50262,497.42426,510.3283,22.363281,29.003906,41.601562,6.411410331726074,2024-04-01 17:03:41.523559
941,4.5019026,268.50262,497.47363,511.56787,22.363281,29.003906,41.601562,6.4057512283325195,2024-04-01 17:03:47.929703
942,4.5019026,268.6919,498.02747,511.9204,22.363281,29.003906,41.601562,6.312928199768066,2024-04-01 17:03:54.243061
943,4.5019026,268.6919,498.02747,511.9204,22.363281,29.003906,41.601562,6.265305280685425,2024-04-01 17:04:00.508743
944,4.5019026,268.6919,498.0365,512.80145,22.363281,29.003906,41.601562,6.296101331710815,2024-04-01 17:04:06.805416
945,4.5019026,268.71515,498.56955,512.80145,22.363281,29.003906,41.601562,6.2099878787994385,2024-04-01 17:04:13.015892
946,4.5019026,268.71515,498.56955,512.8195,22.363281,29.003906,41.601562,6.271524429321289,2024-04-01 17:04:19.288081
947,4.5019026,268.71515,498.56955,512.8195,22.363281,29.003906,41.601562,6.155843257904053,2024-04-01 17:04:25.444268
948,4.5019026,268.71515,498.74194,512.8195,22.363281,29.003906,41.601562,6.284926414489746,2024-04-01 17:04:31.729542
949,4.5019026,268.71515,499.63882,512.8195,22.363281,29.003906,41.601562,6.239743947982788,2024-04-01 17:04:37.969664
950,4.5019026,268.71515,499.63882,512.8195,22.363281,29.003906,41.601562,6.401665925979614,2024-04-01 17:04:44.371714
951,4.5019026,268.71515,499.8501,512.8195,22.363281,29.003906,41.601562,6.2817676067352295,2024-04-01 17:04:50.653945
952,4.5019026,268.75507,500.16953,512.95557,22.460938,29.003906,41.601562,6.338224649429321,2024-04-01 17:04:56.992514
953,4.5019026,269.11392,500.28293,513.49695,22.460938,29.003906,41.601562,6.335590839385986,2024-04-01 17:05:03.328498
954,4.5019026,269.3078,500.6903,513.49695,22.460938,29.003906,41.601562,6.286356449127197,2024-04-01 17:05:09.615276
955,4.5019026,269.3078,500.6903,513.49695,22.460938,29.003906,41.601562,6.288634538650513,2024-04-01 17:05:15.904257
956,4.5019026,269.6041,500.96408,513.49695,22.460938,29.003906,41.601562,6.381374835968018,2024-04-01 17:05:22.285988
957,4.5019026,269.6041,501.33392,513.49695,22.460938,29.003906,41.601562,6.267668724060059,2024-04-01 17:05:28.554052
958,4.5019026,270.33044,501.9237,513.49695,22.460938,29.003906,41.601562,6.370850086212158,2024-04-01 17:05:34.925285
959,4.5019026,270.33044,501.9237,513.43774,22.460938,29.003906,41.69922,6.297772407531738,2024-04-01 17:05:41.223727
960,4.5019026,270.55182,502.00763,513.4423,22.460938,29.003906,41.69922,6.323599815368652,2024-04-01 17:05:47.547664
961,4.5019026,270.55182,502.02167,513.4423,22.460938,29.003906,41.69922,6.2642457485198975,2024-04-01 17:05:53.812262
962,4.5019026,270.663,502.2976,513.4423,22.460938,29.003906,41.69922,6.21501088142395,2024-04-01 17:06:00.027679
963,4.5019026,270.663,503.053,513.4423,22.460938,29.003906,41.69922,6.1755006313323975,2024-04-01 17:06:06.203521
964,4.5019026,271.2259,503.34756,513.9453,22.460938,29.003906,41.69922,6.45566463470459,2024-04-01 17:06:12.659535
965,4.5019026,271.2259,503.41748,513.9453,22.460938,29.003906,41.69922,6.178933143615723,2024-04-01 17:06:18.839005
966,4.5019026,271.2259,503.54053,514.2574,22.460938,29.003906,41.69922,6.3530802726745605,2024-04-01 17:06:25.192424
967,4.5019026,271.2259,503.7842,514.3595,22.460938,29.003906,41.69922,6.318006992340088,2024-04-01 17:06:31.510839
968,4.5019026,271.2259,503.79413,516.55566,22.460938,29.003906,41.796875,6.302581548690796,2024-04-01 17:06:37.813760
969,4.5019026,271.2259,503.99738,513.4879,22.460938,29.003906,41.89453,6.276835680007935,2024-04-01 17:06:44.090973
970,4.5019026,271.2259,504.1917,513.688,22.460938,29.003906,41.89453,6.365838289260864,2024-04-01 17:06:50.457154
971,4.5019026,271.2259,504.9077,514.1349,22.460938,29.003906,41.89453,6.100362539291382,2024-04-01 17:06:56.557925
972,4.5019026,271.2259,505.0672,514.49585,22.460938,29.003906,41.89453,6.261720895767212,2024-04-01 17:07:02.820049
973,4.5019026,271.2259,505.0672,514.49585,22.460938,29.003906,41.89453,6.369243144989014,2024-04-01 17:07:09.189686
974,4.5019026,271.2259,505.4632,514.49585,22.460938,29.003906,41.89453,6.220049142837524,2024-04-01 17:07:15.410300
975,4.5019026,271.2259,505.9701,514.49585,22.460938,29.003906,41.89453,6.285320281982422,2024-04-01 17:07:21.695962
976,4.5019026,271.62115,506.82593,514.8731,22.460938,29.003906,41.89453,6.180141925811768,2024-04-01 17:07:27.876456
977,4.5019026,271.62115,507.96252,514.9956,22.460938,29.003906,41.89453,6.29066014289856,2024-04-01 17:07:34.167677
978,4.5019026,271.62115,507.96252,514.9956,22.460938,29.003906,41.89453,6.298741102218628,2024-04-01 17:07:40.466848
979,4.5019026,271.62115,508.69647,515.4775,22.460938,29.003906,41.89453,6.257769584655762,2024-04-01 17:07:46.724958
980,4.5019026,271.62115,508.69647,515.4775,22.460938,29.003906,41.89453,6.319005250930786,2024-04-01 17:07:53.044412
981,4.5019026,271.792,508.93192,515.50323,22.460938,29.003906,41.89453,6.315329551696777,2024-04-01 17:07:59.360327
982,4.5019026,271.792,508.9931,515.50323,22.460938,29.003906,41.89453,6.352555990219116,2024-04-01 17:08:05.713320
983,4.5019026,272.11682,509.71136,517.6628,22.460938,29.003906,41.89453,6.262381315231323,2024-04-01 17:08:11.976083
984,4.5019026,272.11682,509.83502,517.7722,22.460938,29.003906,41.89453,6.382421493530273,2024-04-01 17:08:18.359230
985,4.5019026,272.11682,510.13126,517.7722,22.460938,29.003906,41.89453,6.35738205909729,2024-04-01 17:08:24.717016
986,4.5019026,272.11682,510.13126,518.0084,22.460938,29.003906,41.89453,6.278547048568726,2024-04-01 17:08:30.996058
987,4.5019026,272.64948,510.1386,518.0084,22.460938,29.003906,41.89453,6.243072986602783,2024-04-01 17:08:37.239476
988,4.5019026,272.64948,510.2,518.0084,22.460938,29.003906,41.89453,6.231246709823608,2024-04-01 17:08:43.471102
989,4.5019026,272.64948,511.29767,518.0084,22.460938,29.003906,41.89453,6.363174676895142,2024-04-01 17:08:49.834721
990,4.5019026,272.64948,511.32187,518.0084,22.460938,29.003906,41.89453,6.3289008140563965,2024-04-01 17:08:56.164242
991,4.5019026,272.64948,511.95026,518.0084,22.460938,29.003906,41.89453,6.19082236289978,2024-04-01 17:09:02.355464
992,4.5019026,272.64948,511.96075,518.0084,22.460938,29.003906,41.89453,6.076059818267822,2024-04-01 17:09:08.432052
993,4.5019026,272.64948,512.027,518.0084,22.460938,29.003906,41.89453,6.360091686248779,2024-04-01 17:09:14.792499
994,4.5019026,272.64948,514.5512,518.15314,22.460938,29.003906,41.89453,6.36742901802063,2024-04-01 17:09:21.160323
995,4.5019026,272.64948,514.9173,519.7302,22.460938,29.003906,41.89453,6.3638596534729,2024-04-01 17:09:27.524604
996,4.5019026,272.90308,515.5979,519.9191,22.460938,29.003906,41.992188,6.210004806518555,2024-04-01 17:09:33.735008
997,4.5019026,272.90308,515.5979,520.51086,22.460938,29.003906,41.992188,6.248061180114746,2024-04-01 17:09:39.983604
998,4.5019026,272.90308,516.7302,520.5608,22.460938,29.101562,42.089844,6.263883829116821,2024-04-01 17:09:46.248018
999,4.5019026,272.94788,516.8738,520.9505,22.460938,29.101562,42.089844,6.312880754470825,2024-04-01 17:09:52.561312
1000,4.5019026,273.84357,517.5956,520.9505,22.460938,29.101562,42.089844,6.32948899269104,2024-04-01 17:09:58.891277
1001,4.5019026,273.84357,517.5956,522.3716,22.460938,29.101562,42.089844,6.342053174972534,2024-04-01 17:10:05.233687
1002,4.5019026,274.28198,517.8059,523.8898,22.460938,29.101562,42.089844,6.241518497467041,2024-04-01 17:10:11.475765
1003,4.5019026,274.28198,517.9676,525.1942,22.460938,29.101562,42.089844,6.2878172397613525,2024-04-01 17:10:17.763926
1004,4.5019026,274.3265,518.65393,525.2495,22.460938,29.101562,42.089844,6.203757047653198,2024-04-01 17:10:23.968041
1005,4.5019026,274.3265,519.3257,526.48315,22.460938,29.101562,42.089844,6.371236324310303,2024-04-01 17:10:30.339620
1006,4.5019026,274.3265,519.8628,526.881,22.460938,29.101562,42.089844,6.368465423583984,2024-04-01 17:10:36.708422
1007,4.5019026,275.03015,520.35693,527.02856,22.460938,29.101562,42.089844,6.3743908405303955,2024-04-01 17:10:43.083230
1008,4.5019026,275.03015,520.39734,527.03,22.460938,29.101562,42.089844,6.2691309452056885,2024-04-01 17:10:49.352741
1009,4.5019026,275.03015,520.589,527.45715,22.460938,29.101562,42.089844,6.2315380573272705,2024-04-01 17:10:55.584665
1010,4.5019026,275.03015,521.036,528.5468,22.460938,29.101562,42.089844,6.367843389511108,2024-04-01 17:11:01.952894
1011,4.5019026,275.14868,522.1321,528.7013,22.460938,29.199219,42.089844,6.292596817016602,2024-04-01 17:11:08.245874
1012,4.5019026,276.10104,522.9537,530.08777,22.460938,29.199219,42.089844,6.419522285461426,2024-04-01 17:11:14.665873
1013,4.5019026,276.10104,523.5166,530.08777,22.460938,29.199219,42.089844,6.305103302001953,2024-04-01 17:11:20.971419
1014,4.5019026,276.10104,523.5166,530.08777,22.460938,29.199219,42.089844,6.368723392486572,2024-04-01 17:11:27.340527
1015,4.5019026,276.10104,523.5166,530.08777,22.460938,29.199219,42.089844,6.1712257862091064,2024-04-01 17:11:33.512155
1016,4.5019026,276.79474,523.5166,530.572,22.460938,29.199219,42.1875,6.267937898635864,2024-04-01 17:11:39.780441
1017,4.5019026,277.57623,523.82336,530.572,22.460938,29.199219,42.1875,6.375417709350586,2024-04-01 17:11:46.156443
1018,4.5019026,277.57623,524.0678,530.572,22.460938,29.199219,42.1875,6.4317381381988525,2024-04-01 17:11:52.588837
1019,4.5019026,278.09296,524.23706,532.12146,22.460938,29.199219,42.1875,6.352526426315308,2024-04-01 17:11:58.941751
1020,4.5019026,278.09296,524.48157,532.12146,22.460938,29.199219,42.1875,6.309142351150513,2024-04-01 17:12:05.251382
1021,4.5019026,278.09296,524.7959,532.7506,22.460938,29.199219,42.1875,6.251132965087891,2024-04-01 17:12:11.502866
1022,4.5019026,278.09296,524.9596,534.2098,22.460938,29.199219,42.1875,6.277842044830322,2024-04-01 17:12:17.781267
1023,4.5019026,278.09296,524.9652,534.3026,22.460938,29.199219,42.1875,6.333993434906006,2024-04-01 17:12:24.115643
1024,4.5019026,278.09296,525.49445,534.3026,22.460938,29.199219,42.1875,6.307782173156738,2024-04-01 17:12:30.423773
1025,4.5019026,278.09296,525.49445,534.3026,22.460938,29.199219,42.1875,6.2388646602630615,2024-04-01 17:12:36.663005
1026,4.5019026,278.09296,525.5029,534.5148,22.460938,29.199219,42.1875,6.24560022354126,2024-04-01 17:12:42.908949
1027,4.5019026,278.09296,525.7356,534.76685,22.460938,29.199219,42.285156,6.320948839187622,2024-04-01 17:12:49.230293
1028,4.5019026,278.09296,525.8908,534.76685,22.460938,29.199219,42.285156,6.20880651473999,2024-04-01 17:12:55.439438
1029,4.5019026,278.09296,526.0184,534.76685,22.460938,29.199219,42.285156,6.207402944564819,2024-04-01 17:13:01.647513
1030,4.5019026,278.09296,526.0967,536.0199,22.460938,29.199219,42.285156,6.253141641616821,2024-04-01 17:13:07.901003
1031,4.5019026,278.09296,526.3143,536.07056,22.460938,29.199219,42.382812,6.238612651824951,2024-04-01 17:13:14.140147
1032,4.5019026,278.31802,526.8436,536.07056,22.460938,29.199219,42.382812,6.267688274383545,2024-04-01 17:13:20.408187
1033,4.5019026,278.31802,526.9859,536.07056,22.460938,29.199219,42.382812,6.291171312332153,2024-04-01 17:13:26.699922
1034,4.5019026,278.31802,527.2533,536.22205,22.460938,29.199219,42.382812,6.327455043792725,2024-04-01 17:13:33.027801
1035,4.5019026,278.31802,527.735,537.006,22.460938,29.199219,42.382812,6.197121858596802,2024-04-01 17:13:39.225472
1036,4.5019026,278.31802,527.79443,537.1327,22.460938,29.199219,42.382812,6.304360628128052,2024-04-01 17:13:45.530230
1037,4.5019026,278.72006,528.0155,537.50116,22.460938,29.199219,42.382812,6.323409557342529,2024-04-01 17:13:51.854133
1038,4.5019026,278.72006,528.0461,537.50116,22.460938,29.199219,42.382812,6.192903280258179,2024-04-01 17:13:58.047555
1039,4.5019026,279.2945,528.0468,537.50116,22.460938,29.199219,42.382812,6.36807918548584,2024-04-01 17:14:04.415985
1040,4.5019026,279.2945,528.0734,538.1957,22.460938,29.199219,42.382812,6.234221696853638,2024-04-01 17:14:10.650605
1041,4.5019026,279.2945,528.18866,538.229,22.460938,29.199219,42.382812,6.185317277908325,2024-04-01 17:14:16.836441
1042,4.5019026,279.2945,528.44995,541.2474,22.460938,29.199219,42.382812,6.316677570343018,2024-04-01 17:14:23.153518
1043,4.5019026,279.6507,528.719,541.40466,22.460938,29.199219,42.382812,6.297857999801636,2024-04-01 17:14:29.451899
1044,4.5019026,279.6507,528.75696,541.4879,22.460938,29.199219,42.382812,6.317544460296631,2024-04-01 17:14:35.769789
1045,4.5019026,279.6507,528.75696,541.49316,22.460938,29.199219,42.48047,6.3942437171936035,2024-04-01 17:14:42.164398
1046,4.5019026,279.6507,528.75696,541.49316,22.460938,29.199219,42.48047,6.3217573165893555,2024-04-01 17:14:48.486556
1047,4.5019026,279.45245,528.80646,541.49316,22.558594,29.199219,42.48047,6.16885232925415,2024-04-01 17:14:54.655745
1048,4.5019026,279.45245,528.80646,541.579,22.558594,29.199219,42.48047,6.25980806350708,2024-04-01 17:15:00.915888
1049,4.5019026,279.45245,528.8624,542.034,22.558594,29.199219,42.48047,6.255347967147827,2024-04-01 17:15:07.171582
1050,4.5019026,279.45245,529.0642,542.034,22.558594,29.199219,42.48047,6.220304012298584,2024-04-01 17:15:13.392233
1051,4.5019026,279.45245,529.2744,542.034,22.558594,29.199219,42.48047,6.323046684265137,2024-04-01 17:15:19.715771
1052,4.5019026,279.45245,529.5934,542.034,22.558594,29.199219,42.48047,6.376005172729492,2024-04-01 17:15:26.092203
1053,4.5019026,279.45245,529.6137,542.034,22.558594,29.199219,42.48047,6.214036464691162,2024-04-01 17:15:32.306641
1054,4.5019026,279.45245,529.71387,542.0625,22.558594,29.199219,42.48047,6.3193137645721436,2024-04-01 17:15:38.626546
1055,4.5019026,279.68222,529.83154,543.49133,22.558594,29.199219,42.48047,6.31229829788208,2024-04-01 17:15:44.939192
1056,4.5019026,279.68222,529.83154,545.0714,22.558594,29.199219,42.48047,6.212592363357544,2024-04-01 17:15:51.152129
1057,4.5019026,279.68222,529.85815,545.0714,22.558594,29.199219,42.48047,6.309223651885986,2024-04-01 17:15:57.461700
1058,4.5019026,279.68222,529.87604,545.0714,22.558594,29.199219,42.48047,6.176099538803101,2024-04-01 17:16:03.638171
1059,4.5019026,280.20798,530.51086,545.0714,22.558594,29.199219,42.48047,6.192228317260742,2024-04-01 17:16:09.830942
1060,4.5019026,280.20798,530.53345,545.0714,22.558594,29.199219,42.48047,6.46911096572876,2024-04-01 17:16:16.300541
1061,4.5019026,280.20798,530.9697,545.0714,22.558594,29.199219,42.48047,6.22702169418335,2024-04-01 17:16:22.527966
1062,4.5019026,280.20798,531.35754,545.7824,22.558594,29.199219,42.48047,6.454983472824097,2024-04-01 17:16:28.983293
1063,4.5019026,280.87427,533.32605,548.047,22.558594,29.199219,42.578125,6.278461694717407,2024-04-01 17:16:35.262098
1064,4.5019026,280.96048,533.6416,548.8102,22.558594,29.199219,42.578125,6.325585603713989,2024-04-01 17:16:41.588071
1065,4.5019026,280.96048,533.6416,549.2814,22.558594,29.199219,42.578125,6.268751621246338,2024-04-01 17:16:47.857171
1066,4.5019026,280.96048,534.0587,549.2814,22.558594,29.199219,42.578125,6.2908172607421875,2024-04-01 17:16:54.148383
1067,4.5019026,281.3633,534.0587,549.2814,22.558594,29.199219,42.578125,6.371182680130005,2024-04-01 17:17:00.519953
1068,4.5019026,281.3633,534.2782,549.2814,22.558594,29.199219,42.578125,6.235215425491333,2024-04-01 17:17:06.755656
1069,4.5019026,281.3633,534.32056,549.2814,22.558594,29.199219,42.578125,6.250603199005127,2024-04-01 17:17:13.006610
1070,4.5019026,281.3633,534.32056,549.2814,22.558594,29.199219,42.578125,6.31935453414917,2024-04-01 17:17:19.326375
1071,4.5019026,282.57907,534.6233,549.2814,22.558594,29.199219,42.578125,6.228857755661011,2024-04-01 17:17:25.555792
1072,4.5019026,283.20337,534.8941,551.2915,22.558594,29.199219,42.578125,6.3110315799713135,2024-04-01 17:17:31.867220
1073,4.5019026,283.20337,535.1317,551.3961,22.558594,29.199219,42.67578,6.220906019210815,2024-04-01 17:17:38.088473
1074,4.5019026,283.20337,535.9275,552.6728,22.558594,29.199219,42.67578,6.290009021759033,2024-04-01 17:17:44.378878
1075,4.5019026,283.49277,536.6323,553.5995,22.558594,29.199219,42.67578,6.300811767578125,2024-04-01 17:17:50.680046
1076,4.5019026,283.52805,536.6323,554.3402,22.558594,29.199219,42.67578,6.179248332977295,2024-04-01 17:17:56.859638
1077,4.5019026,283.52805,536.8918,554.3402,22.558594,29.199219,42.67578,6.193188905715942,2024-04-01 17:18:03.053181
1078,4.5019026,283.52805,537.06396,554.3402,22.558594,29.199219,42.67578,6.480089426040649,2024-04-01 17:18:09.533854
1079,4.5019026,283.6864,537.6332,554.3402,22.558594,29.199219,42.67578,6.239277601242065,2024-04-01 17:18:15.773697
1080,4.5019026,283.6864,537.66895,554.6907,22.558594,29.199219,42.67578,6.266443967819214,2024-04-01 17:18:22.040538
1081,4.5019026,284.0971,538.1848,554.73254,22.558594,29.199219,42.67578,6.286127090454102,2024-04-01 17:18:28.327071
1082,4.5019026,284.24298,539.0531,555.2301,22.558594,29.199219,42.67578,6.281016826629639,2024-04-01 17:18:34.608431
1083,4.5019026,284.82715,539.0531,555.7012,22.558594,29.199219,42.67578,6.2103493213653564,2024-04-01 17:18:40.819178
1084,4.5019026,284.82715,539.083,555.7012,22.558594,29.199219,42.67578,6.38101863861084,2024-04-01 17:18:47.200716
1085,4.5019026,284.82715,539.7205,555.7012,22.558594,29.199219,42.67578,6.343062400817871,2024-04-01 17:18:53.544164
1086,4.5019026,284.82715,539.7205,555.7012,22.558594,29.199219,42.67578,6.271626710891724,2024-04-01 17:18:59.816328
1087,4.5019026,284.82715,539.7205,555.8338,22.558594,29.199219,42.67578,6.207539796829224,2024-04-01 17:19:06.024252
1088,4.5019026,284.82715,539.7205,556.0493,22.558594,29.199219,42.67578,6.2025909423828125,2024-04-01 17:19:12.227383
1089,4.5019026,284.82715,539.7205,556.20233,22.558594,29.199219,42.67578,6.393837213516235,2024-04-01 17:19:18.621708
1090,4.5019026,284.82715,539.7205,556.20233,22.558594,29.199219,42.67578,6.228229761123657,2024-04-01 17:19:24.850323
1091,4.5019026,285.1917,540.2195,556.20233,22.558594,29.199219,42.67578,6.347651243209839,2024-04-01 17:19:31.198444
1092,4.5019026,285.1917,540.2267,556.8586,22.558594,29.199219,42.773438,6.34730339050293,2024-04-01 17:19:37.546093
1093,4.5019026,285.1917,540.2267,556.8586,22.558594,29.199219,42.773438,6.1510560512542725,2024-04-01 17:19:43.697637
1094,4.5019026,285.1917,540.2698,556.8992,22.558594,29.199219,42.773438,6.398233652114868,2024-04-01 17:19:50.096267
1095,4.5019026,285.1917,540.3002,557.43475,22.558594,29.199219,42.773438,6.303853511810303,2024-04-01 17:19:56.400530
1096,4.5019026,285.1917,540.3053,557.43475,22.558594,29.199219,42.773438,6.328149080276489,2024-04-01 17:20:02.729259
1097,4.5019026,286.3668,541.9769,557.60046,22.558594,29.199219,42.773438,6.370011329650879,2024-04-01 17:20:09.099781
1098,4.5019026,286.3668,542.3087,558.1146,22.558594,29.199219,42.773438,6.4318437576293945,2024-04-01 17:20:15.531968
1099,4.5019026,287.18024,542.9398,558.1875,22.558594,29.199219,42.773438,6.327028036117554,2024-04-01 17:20:21.859365
1100,4.5019026,287.18024,542.9757,558.1875,22.558594,29.199219,42.773438,6.348757982254028,2024-04-01 17:20:28.208471
1101,4.5019026,287.18024,543.1393,558.1875,22.558594,29.199219,42.773438,6.2645769119262695,2024-04-01 17:20:34.473453
1102,4.5019026,287.18024,543.1669,558.1875,22.558594,29.199219,42.773438,6.222785711288452,2024-04-01 17:20:40.696729
1103,4.5019026,287.18024,543.62885,558.77,22.558594,29.199219,42.773438,6.248302459716797,2024-04-01 17:20:46.945415
1104,4.5019026,287.59674,544.1031,558.9894,22.558594,29.199219,42.773438,6.306182146072388,2024-04-01 17:20:53.251988
1105,4.5019026,287.59674,544.19037,558.9894,22.558594,29.199219,42.773438,6.27919602394104,2024-04-01 17:20:59.531535
1106,4.5019026,287.59674,544.19037,558.9894,22.558594,29.199219,42.773438,6.396129131317139,2024-04-01 17:21:05.928130
1107,4.5019026,287.59674,544.2501,560.5467,22.558594,29.199219,42.773438,6.310806035995483,2024-04-01 17:21:12.239282
1108,4.5019026,287.59674,544.28503,560.5467,22.558594,29.199219,42.773438,6.271569490432739,2024-04-01 17:21:18.511217
1109,4.5019026,287.59674,544.4669,562.3516,22.558594,29.199219,42.773438,6.151205539703369,2024-04-01 17:21:24.662781
1110,4.5019026,287.59674,545.08954,562.3516,22.558594,29.199219,42.773438,6.327259063720703,2024-04-01 17:21:30.990471
1111,4.5019026,287.59674,545.08954,562.3516,22.558594,29.199219,42.773438,6.212322473526001,2024-04-01 17:21:37.203137
1112,4.5019026,287.60745,545.8273,562.9089,22.558594,29.199219,42.773438,6.209474563598633,2024-04-01 17:21:43.412959
1113,4.5019026,287.60745,545.97754,563.37085,22.558594,29.199219,42.773438,6.204028129577637,2024-04-01 17:21:49.617559
1114,4.5019026,287.92944,546.2163,563.37085,22.558594,29.199219,42.773438,6.204905033111572,2024-04-01 17:21:55.822836
1115,4.5019026,288.9585,546.7475,563.37085,22.65625,29.199219,42.773438,6.313922166824341,2024-04-01 17:22:02.137195
1116,4.5019026,288.9585,547.1665,563.80774,22.65625,29.199219,42.773438,6.218425512313843,2024-04-01 17:22:08.355997
1117,4.5019026,288.9585,547.3398,563.80774,22.65625,29.199219,42.773438,6.190171718597412,2024-04-01 17:22:14.546519
1118,4.5019026,289.09576,547.38086,565.47876,22.65625,29.199219,42.773438,6.340306282043457,2024-04-01 17:22:20.887171
1119,4.5019026,289.09576,547.6445,565.522,22.65625,29.199219,42.773438,6.3845436573028564,2024-04-01 17:22:27.272193
1120,4.5019026,289.12714,547.8834,565.522,22.65625,29.199219,42.773438,6.278977632522583,2024-04-01 17:22:33.551527
1121,4.5019026,289.12714,547.8834,565.522,22.65625,29.199219,42.773438,6.284137010574341,2024-04-01 17:22:39.836012
1122,4.5019026,289.12714,547.8834,565.522,22.65625,29.199219,42.773438,6.367511034011841,2024-04-01 17:22:46.203868
1123,4.5019026,289.12714,547.8939,565.522,22.65625,29.199219,42.773438,6.506848096847534,2024-04-01 17:22:52.711070
1124,4.5019026,289.12714,547.8939,565.522,22.65625,29.199219,42.773438,6.3846046924591064,2024-04-01 17:22:59.096217
1125,4.5019026,289.3689,547.8939,565.522,22.65625,29.199219,42.773438,6.175283908843994,2024-04-01 17:23:05.271841
1126,4.5019026,289.80817,547.91077,565.522,22.65625,29.199219,42.773438,6.352883577346802,2024-04-01 17:23:11.625115
1127,4.5019026,289.80817,548.45447,565.522,22.65625,29.199219,42.773438,6.321104526519775,2024-04-01 17:23:17.946782
1128,4.5019026,289.95178,548.45447,566.12524,22.65625,29.199219,42.773438,6.255768060684204,2024-04-01 17:23:24.202897
1129,4.5019026,290.54926,548.45447,566.12524,22.65625,29.199219,42.773438,6.370469570159912,2024-04-01 17:23:30.573880
1130,4.5019026,290.54926,548.7566,566.1547,22.65625,29.199219,42.773438,6.247834920883179,2024-04-01 17:23:36.822151
1131,4.5019026,290.96478,549.90936,567.19507,22.65625,29.199219,42.773438,6.416646957397461,2024-04-01 17:23:43.239188
1132,4.5019026,290.96478,549.9381,567.526,22.65625,29.199219,42.871094,6.327184438705444,2024-04-01 17:23:49.566836
1133,4.5019026,290.96478,550.1534,567.526,22.65625,29.199219,42.871094,6.2246387004852295,2024-04-01 17:23:55.791902
1134,4.5019026,291.24295,550.1534,567.526,22.65625,29.199219,42.871094,6.305819272994995,2024-04-01 17:24:02.098070
1135,4.5019026,291.24295,550.2522,567.526,22.65625,29.199219,42.871094,6.336187362670898,2024-04-01 17:24:08.434597
1136,4.5019026,291.24295,550.3021,567.68304,22.65625,29.199219,42.871094,6.251977443695068,2024-04-01 17:24:14.686978
1137,4.5019026,291.24295,550.44946,568.47205,22.65625,29.199219,42.871094,6.32878041267395,2024-04-01 17:24:21.016097
1138,4.5019026,291.24295,550.52814,568.49774,22.65625,29.199219,42.96875,6.288631439208984,2024-04-01 17:24:27.305078
1139,4.5019026,291.24295,550.5552,568.49774,22.65625,29.199219,42.96875,6.249641418457031,2024-04-01 17:24:33.555242
1140,4.5019026,291.24295,550.65137,568.49774,22.65625,29.199219,42.96875,6.401144504547119,2024-04-01 17:24:39.956752
1141,4.5019026,291.24295,550.8733,568.49774,22.65625,29.199219,42.96875,6.291455984115601,2024-04-01 17:24:46.248712
1142,4.5019026,291.24295,550.9358,568.49774,22.65625,29.199219,42.96875,6.58635139465332,2024-04-01 17:24:52.835546
1143,4.5019026,291.24295,552.28455,569.0867,22.65625,29.199219,42.96875,6.310533046722412,2024-04-01 17:24:59.146450
1144,4.5019026,291.24295,552.28455,569.82446,22.65625,29.199219,42.96875,6.273346900939941,2024-04-01 17:25:05.420180
1145,4.5019026,291.24295,552.3939,571.86664,22.65625,29.199219,43.066406,6.243074178695679,2024-04-01 17:25:11.663607
1146,4.5019026,291.24295,552.3939,572.0133,22.65625,29.199219,43.066406,6.335240125656128,2024-04-01 17:25:17.999329
1147,4.5019026,291.29788,552.3939,572.4933,22.65625,29.199219,43.066406,6.335064172744751,2024-04-01 17:25:24.334928
1148,4.5019026,291.29788,552.3939,572.4933,22.65625,29.199219,43.066406,6.2840752601623535,2024-04-01 17:25:30.619343
1149,4.5019026,291.29788,552.3939,572.60913,22.65625,29.199219,43.066406,6.169146299362183,2024-04-01 17:25:36.788839
1150,4.5019026,291.61853,552.3987,573.00433,22.65625,29.199219,43.066406,6.284943342208862,2024-04-01 17:25:43.074298
1151,4.5019026,291.61853,552.4288,573.00433,22.65625,29.199219,43.066406,6.311760902404785,2024-04-01 17:25:49.386521
1152,4.5019026,291.61853,552.5945,573.00433,22.65625,29.199219,43.066406,6.365901947021484,2024-04-01 17:25:55.752766
1153,4.5019026,291.61853,552.5945,573.1594,22.65625,29.199219,43.066406,6.24219274520874,2024-04-01 17:26:01.995336
1154,4.5019026,291.61853,552.76245,573.1594,22.65625,29.199219,43.066406,6.341175079345703,2024-04-01 17:26:08.336852
1155,4.5019026,291.61853,552.76245,573.1594,22.65625,29.199219,43.066406,6.46186375617981,2024-04-01 17:26:14.799274
1156,4.5019026,291.61853,552.76245,573.1594,22.65625,29.199219,43.066406,6.26119065284729,2024-04-01 17:26:21.060994
1157,4.5019026,292.59946,553.2802,573.1594,22.65625,29.199219,43.066406,6.314792156219482,2024-04-01 17:26:27.376170
1158,4.5019026,292.59946,553.2802,573.1765,22.65625,29.199219,43.066406,6.340922117233276,2024-04-01 17:26:33.717647
1159,4.5019026,292.59946,553.527,574.14075,22.65625,29.199219,43.164062,6.3175060749053955,2024-04-01 17:26:40.035677
1160,4.5019026,292.59946,553.527,574.14075,22.65625,29.199219,43.164062,6.326642274856567,2024-04-01 17:26:46.362800
1161,4.5019026,292.9339,553.7522,574.9303,22.65625,29.199219,43.164062,6.156688451766968,2024-04-01 17:26:52.519881
1162,4.5019026,293.69662,554.1057,574.9303,22.65625,29.199219,43.164062,6.202938556671143,2024-04-01 17:26:58.723212
1163,4.5019026,293.69662,554.2459,574.9303,22.65625,29.199219,43.164062,6.2919511795043945,2024-04-01 17:27:05.015511
1164,4.5019026,293.69662,554.2459,574.9303,22.65625,29.199219,43.164062,6.342668056488037,2024-04-01 17:27:11.358591
1165,4.5019026,293.69662,554.6659,574.9303,22.65625,29.199219,43.164062,6.3600544929504395,2024-04-01 17:27:17.719185
1166,4.5019026,294.6817,555.9527,575.00964,22.65625,29.199219,43.164062,6.278579235076904,2024-04-01 17:27:23.998113
1167,4.5019026,294.6817,556.8367,575.53674,22.65625,29.296875,43.164062,6.315690279006958,2024-04-01 17:27:30.314454
1168,4.5019026,295.1584,557.09595,576.9375,22.65625,29.296875,43.164062,6.261174440383911,2024-04-01 17:27:36.575975
1169,4.5019026,295.1584,557.2625,577.51855,22.65625,29.296875,43.164062,6.11545205116272,2024-04-01 17:27:42.691965
1170,4.5019026,295.40607,557.6577,577.51855,22.65625,29.296875,43.164062,6.432785272598267,2024-04-01 17:27:49.125101
1171,4.5019026,295.40607,557.7163,577.51855,22.65625,29.296875,43.164062,6.326175212860107,2024-04-01 17:27:55.451808
1172,4.5019026,295.80493,557.75665,577.80054,22.65625,29.296875,43.26172,6.379764556884766,2024-04-01 17:28:01.831920
1173,4.5019026,295.80493,557.75665,578.51794,22.65625,29.296875,43.26172,6.246861696243286,2024-04-01 17:28:08.079121
1174,4.5019026,295.80493,557.75665,578.71106,22.65625,29.296875,43.26172,6.0834596157073975,2024-04-01 17:28:14.162925
1175,4.5019026,295.80493,557.8093,578.71106,22.65625,29.296875,43.26172,6.350112199783325,2024-04-01 17:28:20.513402
1176,4.5019026,295.80493,557.95166,578.71106,22.65625,29.296875,43.26172,6.290021657943726,2024-04-01 17:28:26.803804
1177,4.5019026,295.80493,557.95166,578.71106,22.65625,29.296875,43.26172,6.187592267990112,2024-04-01 17:28:32.991811
1178,4.5019026,296.4151,557.95166,578.71106,22.65625,29.296875,43.26172,6.3636252880096436,2024-04-01 17:28:39.355799
1179,4.5019026,296.4151,558.17444,578.71106,22.65625,29.296875,43.26172,6.2113049030303955,2024-04-01 17:28:45.567448
1180,4.5019026,296.4151,558.7019,578.71106,22.65625,29.296875,43.26172,6.300126314163208,2024-04-01 17:28:51.867921
1181,4.5019026,296.4151,559.204,579.42554,22.65625,29.296875,43.26172,6.266400337219238,2024-04-01 17:28:58.134667
1182,4.5019026,296.4151,559.204,579.42554,22.65625,29.296875,43.26172,6.431954860687256,2024-04-01 17:29:04.566958
1183,4.5019026,296.63916,559.93494,579.975,22.65625,29.296875,43.26172,6.292105674743652,2024-04-01 17:29:10.859408
1184,4.5019026,296.63916,560.00214,580.0838,22.65625,29.296875,43.26172,6.337322473526001,2024-04-01 17:29:17.197155
1185,4.5019026,296.7091,560.2372,581.28534,22.65625,29.296875,43.26172,6.229629993438721,2024-04-01 17:29:23.427177
1186,4.5019026,296.7091,560.6846,581.28534,22.65625,29.296875,43.26172,6.256285905838013,2024-04-01 17:29:29.683891
1187,4.5019026,296.7091,561.64954,581.28534,22.65625,29.296875,43.26172,6.0549397468566895,2024-04-01 17:29:35.739177
1188,4.5019026,296.7091,561.64954,581.3533,22.65625,29.296875,43.26172,6.2250471115112305,2024-04-01 17:29:41.964571
1189,4.5019026,296.7091,561.7658,581.6178,22.65625,29.296875,43.26172,6.342434406280518,2024-04-01 17:29:48.307434
1190,4.5019026,296.7091,562.71155,581.6178,22.65625,29.296875,43.26172,6.232830762863159,2024-04-01 17:29:54.540614
1191,4.5019026,296.7091,562.71155,581.88293,22.65625,29.296875,43.26172,6.2697837352752686,2024-04-01 17:30:00.810944
1192,4.5019026,296.85876,563.0779,581.88293,22.65625,29.296875,43.26172,6.275033235549927,2024-04-01 17:30:07.086323
1193,4.5019026,297.016,563.0779,581.88293,22.65625,29.296875,43.26172,6.253272294998169,2024-04-01 17:30:13.340100
1194,4.5019026,297.28674,563.2926,581.9872,22.65625,29.296875,43.26172,6.219887733459473,2024-04-01 17:30:19.560327
1195,4.5019026,297.28674,563.3091,581.9872,22.65625,29.296875,43.26172,6.2866199016571045,2024-04-01 17:30:25.847323
1196,4.5019026,297.28674,563.44995,583.3646,22.65625,29.296875,43.26172,6.220733642578125,2024-04-01 17:30:32.068395
1197,4.5019026,297.28674,564.11926,583.83765,22.65625,29.296875,43.26172,6.271011829376221,2024-04-01 17:30:38.339789
1198,4.5019026,297.28674,564.46326,583.83765,22.65625,29.296875,43.26172,6.135071039199829,2024-04-01 17:30:44.475212
1199,4.5019026,297.28674,565.58044,583.85815,22.65625,29.296875,43.359375,6.41953444480896,2024-04-01 17:30:50.895093
1200,4.5019026,297.62482,566.4055,584.90173,22.65625,29.296875,43.359375,6.320977687835693,2024-04-01 17:30:57.216520
1201,4.5019026,297.62482,566.7909,585.1239,22.65625,29.296875,43.359375,6.375445127487183,2024-04-01 17:31:03.592358
1202,4.5019026,297.62482,567.2618,585.1239,22.65625,29.296875,43.359375,6.302515745162964,2024-04-01 17:31:09.895251
1203,4.5019026,297.62482,567.6633,585.1671,22.65625,29.296875,43.359375,6.2803168296813965,2024-04-01 17:31:16.175916
1204,4.5019026,297.62482,567.6633,585.2749,22.65625,29.296875,43.359375,6.246950387954712,2024-04-01 17:31:22.423208
1205,4.5019026,297.62482,568.024,585.5953,22.65625,29.296875,43.359375,6.300224304199219,2024-04-01 17:31:28.723793
1206,4.5019026,297.92035,570.01666,585.5953,22.65625,29.296875,43.359375,6.2961108684539795,2024-04-01 17:31:35.020282
1207,4.5019026,298.04272,570.18695,585.5953,22.65625,29.296875,43.359375,6.223512649536133,2024-04-01 17:31:41.244324
1208,4.5019026,298.04272,570.3472,585.5953,22.65625,29.296875,43.359375,6.182319164276123,2024-04-01 17:31:47.427075
1209,4.5019026,298.04272,570.4853,587.15576,22.65625,29.296875,43.359375,6.36042046546936,2024-04-01 17:31:53.787848
1210,4.5019026,298.04272,570.4853,587.15576,22.65625,29.296875,43.359375,6.172429084777832,2024-04-01 17:31:59.960716
1211,4.5019026,298.12457,570.5471,587.15576,22.65625,29.296875,43.359375,6.332009553909302,2024-04-01 17:32:06.293111
1212,4.5019026,298.12457,570.5471,587.15576,22.65625,29.296875,43.359375,6.39282488822937,2024-04-01 17:32:12.686413
1213,4.5019026,298.3276,570.7077,587.2134,22.65625,29.296875,43.359375,6.325503349304199,2024-04-01 17:32:19.012269
1214,4.5019026,298.3276,570.7252,587.2134,22.65625,29.296875,43.359375,6.291041612625122,2024-04-01 17:32:25.303701
1215,4.5019026,298.3276,571.24384,587.2134,22.65625,29.296875,43.359375,6.1370744705200195,2024-04-01 17:32:31.441140
1216,4.5019026,298.3276,571.24384,587.2134,22.65625,29.296875,43.359375,6.3087944984436035,2024-04-01 17:32:37.750324
1217,4.5019026,299.01227,572.3272,587.6305,22.65625,29.296875,43.359375,6.228704452514648,2024-04-01 17:32:43.979577
1218,4.5019026,299.01227,572.3272,587.65265,22.65625,29.296875,43.359375,6.161222219467163,2024-04-01 17:32:50.141153
1219,4.5019026,299.11182,572.3272,587.65265,22.65625,29.296875,43.359375,6.3424224853515625,2024-04-01 17:32:56.483962
1220,4.5019026,299.11182,572.5596,587.65265,22.65625,29.296875,43.359375,6.289811849594116,2024-04-01 17:33:02.774216
1221,4.5019026,299.32135,572.80695,587.65265,22.65625,29.296875,43.359375,6.384943008422852,2024-04-01 17:33:09.159508
1222,4.5019026,299.84473,573.0908,588.0692,22.65625,29.296875,43.359375,6.160594701766968,2024-04-01 17:33:15.320450
1223,4.5019026,299.84473,573.29395,588.49603,22.65625,29.296875,43.359375,6.353455543518066,2024-04-01 17:33:21.674301
1224,4.5019026,299.84473,573.29395,588.49603,22.65625,29.296875,43.359375,6.353767156600952,2024-04-01 17:33:28.028612
1225,4.5019026,299.84473,573.29395,589.20526,22.65625,29.296875,43.359375,6.249252796173096,2024-04-01 17:33:34.278299
1226,4.5019026,299.84473,573.55566,589.4197,22.65625,29.296875,43.359375,6.255529880523682,2024-04-01 17:33:40.534179
1227,4.5019026,299.84473,574.525,589.4197,22.65625,29.296875,43.359375,6.1137237548828125,2024-04-01 17:33:46.648398
1228,4.5019026,299.84473,574.55005,590.1783,22.65625,29.296875,43.359375,6.258718252182007,2024-04-01 17:33:52.907504
1229,4.5019026,299.84473,575.0202,590.52905,22.65625,29.296875,43.359375,6.226262331008911,2024-04-01 17:33:59.134103
1230,4.5019026,301.49133,575.3072,590.5907,22.65625,29.296875,43.359375,6.357122182846069,2024-04-01 17:34:05.491616
1231,4.5019026,301.49133,575.3072,590.5907,22.65625,29.296875,43.359375,6.145571231842041,2024-04-01 17:34:11.637642
1232,4.5019026,301.49133,575.47534,590.5907,22.65625,29.296875,43.359375,6.470083713531494,2024-04-01 17:34:18.108286
1233,4.5019026,304.00638,575.7117,591.7901,22.65625,29.296875,43.359375,6.3196210861206055,2024-04-01 17:34:24.428293
1234,4.5019026,304.00638,575.7341,592.0708,22.65625,29.296875,43.359375,6.446990013122559,2024-04-01 17:34:30.875733
1235,4.5019026,304.3939,575.92395,592.49133,22.65625,29.296875,43.359375,6.2710700035095215,2024-04-01 17:34:37.147194
1236,4.5019026,304.5393,575.9735,593.491,22.65625,29.296875,43.359375,6.435132026672363,2024-04-01 17:34:43.582735
1237,4.5019026,304.628,576.38477,594.1842,22.65625,29.296875,43.359375,6.275432586669922,2024-04-01 17:34:49.858512
1238,4.5019026,304.628,576.4169,594.1842,22.65625,29.296875,43.359375,6.164339780807495,2024-04-01 17:34:56.023387
1239,4.5019026,304.628,576.81055,594.1842,22.65625,29.296875,43.359375,6.295124769210815,2024-04-01 17:35:02.318859
1240,4.5019026,304.628,576.8865,594.1842,22.65625,29.296875,43.359375,6.347309589385986,2024-04-01 17:35:08.666716
1241,4.5019026,304.628,577.2566,594.1842,22.65625,29.296875,43.359375,6.294672012329102,2024-04-01 17:35:14.961793
1242,4.5019026,304.628,577.6609,595.2986,22.65625,29.296875,43.359375,6.504240036010742,2024-04-01 17:35:21.466520
1243,4.5019026,305.2741,578.0458,595.2986,22.65625,29.296875,43.359375,6.23893141746521,2024-04-01 17:35:27.706016
1244,4.5019026,305.2741,578.5037,595.5575,22.65625,29.296875,43.359375,6.300537109375,2024-04-01 17:35:34.006908
1245,4.5019026,305.2741,578.5037,595.64056,22.65625,29.296875,43.359375,6.232568979263306,2024-04-01 17:35:40.240014
1246,4.5019026,305.2741,578.51843,595.64056,22.65625,29.296875,43.359375,6.218526124954224,2024-04-01 17:35:46.459071
1247,4.5019026,305.6485,579.6588,595.87756,22.65625,29.296875,43.359375,6.2455573081970215,2024-04-01 17:35:52.704969
1248,4.5019026,305.6485,580.1771,596.03864,22.65625,29.296875,43.359375,6.202394723892212,2024-04-01 17:35:58.907836
1249,4.5019026,305.6485,580.1771,596.1317,22.65625,29.296875,43.359375,6.4943554401397705,2024-04-01 17:36:05.402581
1250,4.5019026,305.97168,580.3104,597.14734,22.65625,29.296875,43.359375,6.240535259246826,2024-04-01 17:36:11.643468
1251,4.5019026,305.97168,580.3104,597.14734,22.65625,29.296875,43.359375,6.288100719451904,2024-04-01 17:36:17.931902
1252,4.5019026,305.97168,580.98517,597.64514,22.65625,29.296875,43.359375,6.308252573013306,2024-04-01 17:36:24.240507
1253,4.5019026,305.97168,582.054,598.313,22.65625,29.296875,43.359375,6.260188579559326,2024-04-01 17:36:30.501094
1254,4.5019026,306.0855,582.19507,598.313,22.65625,29.296875,43.359375,6.306732654571533,2024-04-01 17:36:36.808359
1255,4.5019026,306.0855,583.27606,599.229,22.65625,29.296875,43.359375,6.241800785064697,2024-04-01 17:36:43.050537
1256,4.5019026,306.0855,583.6105,599.229,22.65625,29.296875,43.359375,6.317540884017944,2024-04-01 17:36:49.368469
1257,4.5019026,306.0855,583.6105,599.3435,22.65625,29.296875,43.359375,6.180617332458496,2024-04-01 17:36:55.549483
1258,4.5019026,306.0855,583.66095,599.8436,22.65625,29.296875,43.359375,6.206665277481079,2024-04-01 17:37:01.756736
1259,4.5019026,306.0855,583.8567,599.8436,22.65625,29.296875,43.359375,6.19522500038147,2024-04-01 17:37:07.952351
1260,4.5019026,306.6822,584.12415,600.89594,22.65625,29.296875,43.359375,6.351316452026367,2024-04-01 17:37:14.304388
1261,4.5019026,306.6822,584.19556,600.89594,22.65625,29.296875,43.359375,6.247037887573242,2024-04-01 17:37:20.551856
1262,4.5019026,306.6822,584.2602,601.2589,22.65625,29.296875,43.359375,6.277196645736694,2024-04-01 17:37:26.829400
1263,4.5019026,306.6822,584.2602,601.2589,22.65625,29.296875,43.359375,6.294070482254028,2024-04-01 17:37:33.124001
1264,4.5019026,307.41666,586.08075,602.7679,22.65625,29.296875,43.359375,6.30389928817749,2024-04-01 17:37:39.428249
1265,4.5019026,307.41666,586.1196,603.6559,22.65625,29.296875,43.359375,6.283259391784668,2024-04-01 17:37:45.711853
1266,4.5019026,307.51727,586.2992,603.6559,22.65625,29.296875,43.359375,6.151914834976196,2024-04-01 17:37:51.864119
1267,4.5019026,307.51727,586.3469,603.6559,22.65625,29.296875,43.359375,6.239664554595947,2024-04-01 17:37:58.104175
1268,4.5019026,307.51727,586.7109,603.6559,22.65625,29.296875,43.359375,6.284241199493408,2024-04-01 17:38:04.388878
1269,4.5019026,307.51727,587.09344,603.6559,22.65625,29.296875,43.359375,6.235515356063843,2024-04-01 17:38:10.624775
1270,4.5019026,307.51727,587.09344,604.5403,22.65625,29.296875,43.45703,6.249125957489014,2024-04-01 17:38:16.874285
1271,4.5019026,307.51727,587.39935,608.3742,22.65625,29.296875,43.45703,6.304144859313965,2024-04-01 17:38:23.178880
1272,4.5019026,307.51727,587.6414,608.3742,22.65625,29.296875,43.45703,6.203683853149414,2024-04-01 17:38:29.383073
1273,4.5019026,307.51727,587.8949,608.3742,22.65625,29.296875,43.45703,6.213468313217163,2024-04-01 17:38:35.596884
1274,4.5019026,307.8868,587.8949,608.3742,22.65625,29.296875,43.45703,6.254779815673828,2024-04-01 17:38:41.852045
1275,4.5019026,307.8868,587.8949,608.3742,22.65625,29.296875,43.45703,6.237655878067017,2024-04-01 17:38:48.090041
1276,4.5019026,307.8868,587.8949,608.3742,22.65625,29.296875,43.45703,6.367051839828491,2024-04-01 17:38:54.457433
1277,4.5019026,307.975,588.3607,611.3145,22.65625,29.296875,43.45703,6.208769798278809,2024-04-01 17:39:00.666669
1278,4.5019026,307.975,588.3607,611.90247,22.65625,29.296875,43.45703,6.2728259563446045,2024-04-01 17:39:06.939852
1279,4.5019026,308.3376,588.3716,611.9588,22.753906,29.296875,43.45703,6.151941776275635,2024-04-01 17:39:13.092292
1280,4.5019026,308.58746,588.3716,611.9588,22.753906,29.296875,43.45703,6.338657855987549,2024-04-01 17:39:19.431325
1281,4.5019026,308.58746,588.3716,611.9588,22.753906,29.296875,43.45703,6.124674320220947,2024-04-01 17:39:25.556340
1282,4.5019026,308.58746,588.3739,611.9588,22.753906,29.296875,43.45703,6.278699636459351,2024-04-01 17:39:31.835447
1283,4.5019026,308.58746,588.3739,611.9588,22.753906,29.296875,43.45703,6.379862546920776,2024-04-01 17:39:38.215656
1284,4.5019026,308.58746,588.3739,611.9588,22.753906,29.296875,43.45703,6.176609992980957,2024-04-01 17:39:44.392701
1285,4.5019026,308.58746,588.4416,611.9588,22.753906,29.296875,43.45703,6.3493452072143555,2024-04-01 17:39:50.742435
1286,4.5019026,308.58746,588.6874,611.9588,22.753906,29.296875,43.45703,6.406054496765137,2024-04-01 17:39:57.148981
1287,4.5019026,308.58746,588.80475,612.57697,22.753906,29.296875,43.45703,6.258303165435791,2024-04-01 17:40:03.407692
1288,4.5019026,308.58746,589.12964,612.75525,22.753906,29.296875,43.45703,6.3045971393585205,2024-04-01 17:40:09.712644
1289,4.5019026,308.84857,589.97864,614.95447,22.753906,29.296875,43.554688,6.155604839324951,2024-04-01 17:40:15.868632
1290,4.5019026,308.84857,590.22833,614.95447,22.753906,29.296875,43.554688,6.277364015579224,2024-04-01 17:40:22.146394
1291,4.5019026,308.84857,590.4207,614.95447,22.753906,29.296875,43.554688,6.205044269561768,2024-04-01 17:40:28.351858
1292,4.5019026,308.85284,590.47375,617.23047,22.753906,29.296875,43.554688,6.311345100402832,2024-04-01 17:40:34.663547
1293,4.5019026,308.85284,590.47375,617.23047,22.753906,29.296875,43.554688,6.3236002922058105,2024-04-01 17:40:40.987491
1294,4.5019026,308.85284,590.47375,617.23047,22.753906,29.296875,43.554688,6.3509132862091064,2024-04-01 17:40:47.338898
1295,4.5019026,308.85284,590.57526,617.3279,22.753906,29.296875,43.554688,6.277284860610962,2024-04-01 17:40:53.616532
1296,4.5019026,308.85284,591.2183,617.3279,22.753906,29.296875,43.554688,6.296701908111572,2024-04-01 17:40:59.913629
1297,4.5019026,308.85284,591.22644,617.3279,22.753906,29.296875,43.554688,6.1735007762908936,2024-04-01 17:41:06.087568
1298,4.5019026,308.85284,591.2466,619.7418,22.753906,29.296875,43.554688,6.4180848598480225,2024-04-01 17:41:12.506005
1299,4.5019026,309.05127,592.38605,620.11554,22.753906,29.296875,43.554688,6.263766765594482,2024-04-01 17:41:18.770147
1300,4.5019026,309.05127,592.62305,620.11554,22.753906,29.296875,43.554688,6.249632120132446,2024-04-01 17:41:25.020123
1301,4.5019026,309.05127,592.7854,620.11554,22.753906,29.296875,43.554688,6.184256076812744,2024-04-01 17:41:31.204722
1302,4.5019026,309.05127,592.7854,620.11554,22.753906,29.296875,43.554688,6.284045696258545,2024-04-01 17:41:37.489275
1303,4.5019026,309.70264,594.2826,620.1943,22.753906,29.296875,43.554688,6.37266731262207,2024-04-01 17:41:43.862333
1304,4.5019026,309.70264,594.5251,620.2506,22.753906,29.296875,43.652344,6.265621662139893,2024-04-01 17:41:50.128291
1305,4.5019026,309.70264,594.8146,620.2506,22.753906,29.296875,43.652344,6.358381509780884,2024-04-01 17:41:56.487301
1306,4.5019026,309.70264,594.99054,621.06165,22.753906,29.296875,43.652344,6.241554021835327,2024-04-01 17:42:02.729198
1307,4.5019026,309.70264,595.4964,621.06165,22.753906,29.296875,43.652344,6.357968091964722,2024-04-01 17:42:09.087696
1308,4.5019026,310.12567,595.82526,621.06165,22.753906,29.296875,43.652344,6.348793983459473,2024-04-01 17:42:15.437053
1309,4.5019026,310.12567,596.1442,621.06165,22.753906,29.296875,43.652344,6.388997316360474,2024-04-01 17:42:21.826506
1310,4.5019026,310.12567,596.20825,621.3994,22.753906,29.296875,43.652344,6.377440452575684,2024-04-01 17:42:28.204529
1311,4.5019026,310.12567,597.079,621.3994,22.753906,29.296875,43.652344,6.379431247711182,2024-04-01 17:42:34.584361
1312,4.5019026,310.12567,597.079,623.64984,22.753906,29.296875,43.652344,6.312962770462036,2024-04-01 17:42:40.897707
1313,4.5019026,310.12567,597.2777,623.5508,22.753906,29.296875,43.75,6.18310284614563,2024-04-01 17:42:47.081187
1314,4.5019026,310.12567,597.4457,624.1031,22.753906,29.296875,43.75,6.3243279457092285,2024-04-01 17:42:53.405888
1315,4.5019026,310.34753,597.5353,624.1031,22.753906,29.296875,43.75,6.388110160827637,2024-04-01 17:42:59.794385
1316,4.5019026,310.45724,598.327,624.1031,22.753906,29.394531,43.75,6.280282020568848,2024-04-01 17:43:06.075060
1317,4.5019026,310.45724,598.9946,624.1031,22.753906,29.394531,43.75,6.264733076095581,2024-04-01 17:43:12.340322
1318,4.5019026,310.45724,599.6832,624.1031,22.753906,29.394531,43.75,6.265124082565308,2024-04-01 17:43:18.606143
1319,4.5019026,310.45724,599.75574,624.1031,22.753906,29.394531,43.75,6.357044696807861,2024-04-01 17:43:24.963534
1320,4.5019026,311.3622,603.3152,625.8572,22.753906,29.394531,43.75,6.1495020389556885,2024-04-01 17:43:31.113400
1321,4.5019026,311.3622,603.319,625.86084,22.753906,29.394531,43.75,6.2722203731536865,2024-04-01 17:43:37.386075
1322,4.5019026,311.3622,604.107,627.8091,22.753906,29.394531,43.847656,6.415685176849365,2024-04-01 17:43:43.802123
1323,4.5019026,311.3622,604.219,627.8091,22.753906,29.394531,43.847656,6.265291452407837,2024-04-01 17:43:50.067759
1324,4.5019026,311.3622,604.219,627.8091,22.753906,29.394531,43.847656,6.208269834518433,2024-04-01 17:43:56.276371
1325,4.5019026,311.3622,604.219,627.8091,22.753906,29.394531,43.847656,6.321722745895386,2024-04-01 17:44:02.598475
1326,4.5019026,311.3622,604.65173,628.0809,22.753906,29.394531,43.847656,6.315470457077026,2024-04-01 17:44:08.914494
1327,4.5019026,311.4307,604.7969,628.3308,22.753906,29.394531,43.847656,6.32975959777832,2024-04-01 17:44:15.244645
1328,4.5019026,311.4307,605.08655,628.3308,22.753906,29.394531,43.847656,6.250718355178833,2024-04-01 17:44:21.495844
1329,4.5019026,311.4307,605.3172,628.4229,22.753906,29.394531,43.847656,6.259761810302734,2024-04-01 17:44:27.755950
1330,4.5019026,311.65997,605.81354,629.02625,22.753906,29.394531,43.847656,6.1492087841033936,2024-04-01 17:44:33.905528
1331,4.5019026,311.65997,606.583,629.02625,22.753906,29.394531,43.847656,6.179943799972534,2024-04-01 17:44:40.085867
1332,4.5019026,311.65997,606.6732,629.02625,22.753906,29.394531,43.847656,6.3402605056762695,2024-04-01 17:44:46.426659
1333,4.5019026,311.7247,607.5035,629.02625,22.753906,29.394531,43.847656,6.23805832862854,2024-04-01 17:44:52.665063
1334,4.5019026,311.7247,607.5439,630.40283,22.753906,29.394531,43.847656,6.286132097244263,2024-04-01 17:44:58.951727
1335,4.5019026,311.7247,607.54944,630.40283,22.753906,29.394531,43.847656,6.179959297180176,2024-04-01 17:45:05.132035
1336,4.5019026,311.7247,607.86914,630.40283,22.753906,29.394531,43.847656,6.215301513671875,2024-04-01 17:45:11.347680
1337,4.5019026,313.03235,608.0371,631.1918,22.753906,29.394531,43.847656,6.3093390464782715,2024-04-01 17:45:17.657362
1338,4.5019026,313.31592,608.0371,631.1957,22.753906,29.394531,43.847656,6.363422393798828,2024-04-01 17:45:24.021337
1339,4.5019026,313.31592,608.5355,631.8652,22.753906,29.394531,43.847656,6.23454737663269,2024-04-01 17:45:30.256274
1340,4.5019026,313.35278,608.5355,631.8652,22.753906,29.394531,43.847656,6.140736818313599,2024-04-01 17:45:36.397395
1341,4.5019026,313.35278,608.6924,632.3557,22.753906,29.394531,43.847656,6.282769680023193,2024-04-01 17:45:42.680530
1342,4.5019026,313.37427,608.8583,632.57007,22.753906,29.394531,43.847656,6.306184768676758,2024-04-01 17:45:48.987113
1343,4.5019026,313.37427,609.5541,633.1604,22.753906,29.394531,43.847656,6.321207523345947,2024-04-01 17:45:55.308776
1344,4.5019026,313.37427,610.4657,633.4965,22.753906,29.492188,43.847656,6.278828382492065,2024-04-01 17:46:01.587989
1345,4.5019026,313.37427,610.4657,633.4965,22.753906,29.492188,43.847656,6.29841423034668,2024-04-01 17:46:07.886795
1346,4.5019026,313.37427,611.0873,634.3786,22.753906,29.492188,43.847656,6.385416030883789,2024-04-01 17:46:14.272706
1347,4.5019026,313.37427,611.0873,634.3786,22.753906,29.492188,43.847656,6.254236698150635,2024-04-01 17:46:20.527330
1348,4.5019026,313.37427,611.50336,635.22284,22.753906,29.492188,43.847656,6.381274223327637,2024-04-01 17:46:26.908985
1349,4.5019026,313.37427,611.6764,635.22284,22.753906,29.492188,43.847656,6.338315010070801,2024-04-01 17:46:33.247678
1350,4.5019026,313.37427,611.6764,635.22284,22.753906,29.492188,43.847656,6.257492780685425,2024-04-01 17:46:39.505514
1351,4.5019026,313.83237,611.7946,635.22284,22.753906,29.589844,43.847656,6.14263916015625,2024-04-01 17:46:45.648599
1352,4.5019026,313.83237,612.0216,636.54846,22.753906,29.589844,43.847656,6.272140741348267,2024-04-01 17:46:51.921172
1353,4.5019026,313.83237,612.5558,636.8782,22.753906,29.589844,43.847656,6.294453382492065,2024-04-01 17:46:58.216146
1354,4.5019026,314.50085,612.5856,638.0248,22.753906,29.589844,43.847656,6.225498676300049,2024-04-01 17:47:04.441991
1355,4.5019026,314.57086,612.5856,638.0248,22.753906,29.589844,43.847656,6.227275609970093,2024-04-01 17:47:10.669665
1356,4.5019026,314.67435,613.731,640.39087,22.753906,29.589844,43.847656,6.202873945236206,2024-04-01 17:47:16.872884
1357,4.5019026,314.67435,614.2317,641.5144,22.753906,29.589844,43.847656,6.227179288864136,2024-04-01 17:47:23.100459
1358,4.5019026,316.00543,614.80457,641.5144,22.753906,29.589844,43.847656,6.339078903198242,2024-04-01 17:47:29.440016
1359,4.5019026,316.00543,614.9071,641.5144,22.753906,29.589844,43.847656,6.307049512863159,2024-04-01 17:47:35.747405
1360,4.5019026,316.00543,614.9071,641.5144,22.753906,29.589844,43.847656,6.28780460357666,2024-04-01 17:47:42.035553
1361,4.5019026,316.00543,614.9129,641.5144,22.753906,29.589844,43.847656,6.101531744003296,2024-04-01 17:47:48.137425
1362,4.5019026,316.00543,614.9129,641.5144,22.753906,29.589844,43.847656,6.276045083999634,2024-04-01 17:47:54.414022
1363,4.5019026,316.00543,614.9573,642.5742,22.753906,29.589844,43.847656,6.36604642868042,2024-04-01 17:48:00.780603
1364,4.5019026,316.00543,615.91394,644.79663,22.753906,29.589844,43.847656,6.349830389022827,2024-04-01 17:48:07.130835
1365,4.5019026,316.00543,615.91394,644.79663,22.753906,29.589844,43.847656,6.324716567993164,2024-04-01 17:48:13.455894
1366,4.5019026,316.04364,615.9795,644.79663,22.753906,29.589844,43.847656,6.403676509857178,2024-04-01 17:48:19.859914
1367,4.5019026,316.14685,615.99243,645.004,22.753906,29.589844,43.847656,6.236440420150757,2024-04-01 17:48:26.096700
1368,4.5019026,316.1781,616.1865,645.07916,22.753906,29.589844,43.847656,6.176979303359985,2024-04-01 17:48:32.274061
1369,4.5019026,316.1781,616.2716,647.14233,22.753906,29.589844,43.847656,6.367270469665527,2024-04-01 17:48:38.641767
1370,4.5019026,316.3239,616.5333,647.14233,22.851562,29.589844,43.847656,6.336307525634766,2024-04-01 17:48:44.978535
1371,4.5019026,316.3239,616.5336,647.14233,22.851562,29.589844,43.847656,6.215745449066162,2024-04-01 17:48:51.194625
1372,4.5019026,316.3239,616.6277,647.14233,22.851562,29.589844,43.847656,6.306027889251709,2024-04-01 17:48:57.501133
1373,4.5019026,316.3239,616.7544,647.14233,22.851562,29.589844,43.847656,6.290544033050537,2024-04-01 17:49:03.792075
1374,4.5019026,316.3239,616.8796,647.369,22.851562,29.589844,43.847656,6.3821797370910645,2024-04-01 17:49:10.174598
1375,4.5019026,317.08875,617.2997,647.369,22.851562,29.589844,43.847656,6.249582529067993,2024-04-01 17:49:16.424610
1376,4.5019026,317.08875,617.2997,647.369,22.851562,29.589844,43.847656,6.252898931503296,2024-04-01 17:49:22.678041
1377,4.5019026,317.08875,617.3901,648.1635,22.851562,29.589844,43.847656,6.262933254241943,2024-04-01 17:49:28.941496
1378,4.5019026,317.08875,617.53015,648.1635,22.851562,29.589844,43.847656,6.20637583732605,2024-04-01 17:49:35.148252
1379,4.5019026,317.08875,617.5405,648.1635,22.851562,29.589844,43.847656,6.26124382019043,2024-04-01 17:49:41.409855
1380,4.5019026,317.08875,617.69214,648.1635,22.851562,29.589844,43.847656,6.301194429397583,2024-04-01 17:49:47.711514
1381,4.5019026,318.5295,618.7186,648.1635,22.851562,29.589844,43.847656,6.091224431991577,2024-04-01 17:49:53.803080
1382,4.5019026,318.9391,618.73047,649.85223,22.851562,29.589844,43.847656,6.28312611579895,2024-04-01 17:50:00.086560
1383,4.5019026,318.9391,618.73047,650.0057,22.851562,29.589844,43.945312,6.254168272018433,2024-04-01 17:50:06.341262
1384,4.5019026,318.9391,618.8584,651.02563,22.851562,29.589844,43.945312,6.254697561264038,2024-04-01 17:50:12.596511
1385,4.5019026,318.9391,618.86084,651.02563,22.851562,29.589844,43.945312,6.1724464893341064,2024-04-01 17:50:18.769359
1386,4.5019026,318.9391,619.25305,651.0436,22.851562,29.6875,43.945312,6.285462856292725,2024-04-01 17:50:25.055212
1387,4.5019026,319.33112,619.4977,651.36597,22.851562,29.6875,43.945312,6.286810874938965,2024-04-01 17:50:31.342361
1388,4.5019026,319.33112,619.6534,651.36597,22.851562,29.6875,43.945312,6.2112836837768555,2024-04-01 17:50:37.554144
1389,4.5019026,319.33112,619.7339,651.36597,22.851562,29.6875,43.945312,6.305121660232544,2024-04-01 17:50:43.859745
1390,4.5019026,319.33112,620.4713,652.0021,22.851562,29.6875,43.945312,6.337941884994507,2024-04-01 17:50:50.198222
1391,4.5019026,319.4746,620.48566,652.7472,22.851562,29.6875,43.945312,6.287189722061157,2024-04-01 17:50:56.485997
1392,4.5019026,319.4746,621.236,653.0392,22.851562,29.6875,43.945312,6.216196537017822,2024-04-01 17:51:02.702535
1393,4.5019026,320.57343,621.69775,653.0392,22.851562,29.6875,43.945312,6.3696839809417725,2024-04-01 17:51:09.072620
1394,4.5019026,320.78363,622.5201,653.0392,22.851562,29.6875,43.945312,6.292804718017578,2024-04-01 17:51:15.365839
1395,4.5019026,320.78363,622.5435,653.0392,22.851562,29.6875,43.945312,6.22573184967041,2024-04-01 17:51:21.591999
1396,4.5019026,322.14697,622.72577,653.0392,22.851562,29.6875,43.945312,6.255934238433838,2024-04-01 17:51:27.848346
1397,4.5019026,322.14697,622.72577,653.24817,22.851562,29.6875,44.04297,6.199804782867432,2024-04-01 17:51:34.048533
1398,4.5019026,322.14697,622.72577,653.24817,22.851562,29.6875,44.04297,6.271569013595581,2024-04-01 17:51:40.320494
1399,4.5019026,322.14697,622.9087,653.24817,22.851562,29.6875,44.04297,6.210919380187988,2024-04-01 17:51:46.531813
1400,4.5019026,322.14697,623.3142,653.6222,22.851562,29.6875,44.04297,6.281068801879883,2024-04-01 17:51:52.813427
1401,4.5019026,322.14697,624.00653,654.3833,22.851562,29.6875,44.04297,6.1692681312561035,2024-04-01 17:51:58.983218
1402,4.5019026,322.14697,624.00653,654.3833,22.851562,29.6875,44.04297,6.318621397018433,2024-04-01 17:52:05.302273
1403,4.5019026,322.14697,624.25397,654.5252,22.851562,29.6875,44.04297,6.298943042755127,2024-04-01 17:52:11.601560
1404,4.5019026,322.14697,624.879,654.82996,22.851562,29.6875,44.04297,6.178782224655151,2024-04-01 17:52:17.780742
1405,4.5019026,323.08942,624.879,654.82996,22.851562,29.6875,44.04297,6.334928750991821,2024-04-01 17:52:24.116056
1406,4.5019026,323.08942,625.412,654.82996,22.851562,29.6875,44.04297,6.309026002883911,2024-04-01 17:52:30.425628
1407,4.5019026,323.08942,625.42126,656.1068,22.851562,29.6875,44.04297,6.131523132324219,2024-04-01 17:52:36.557687
1408,4.5019026,323.2741,625.54004,657.46875,22.851562,29.6875,44.04297,6.323698282241821,2024-04-01 17:52:42.881755
1409,4.5019026,323.2741,625.9259,657.87024,22.851562,29.6875,44.04297,6.354230642318726,2024-04-01 17:52:49.236457
1410,4.5019026,323.2741,626.1017,657.87024,22.851562,29.6875,44.04297,6.231873989105225,2024-04-01 17:52:55.468729
1411,4.5019026,323.2741,626.1017,657.87024,22.851562,29.6875,44.04297,6.175251245498657,2024-04-01 17:53:01.644468
1412,4.5019026,323.2741,626.25146,657.87024,22.851562,29.6875,44.04297,6.262271404266357,2024-04-01 17:53:07.907131
1413,4.5019026,323.2741,626.9071,657.87024,22.851562,29.6875,44.04297,6.259429693222046,2024-04-01 17:53:14.166910
1414,4.5019026,323.2741,627.5046,658.19434,22.851562,29.6875,44.04297,6.289119720458984,2024-04-01 17:53:20.456372
1415,4.5019026,323.2741,627.5046,658.19434,22.851562,29.6875,44.04297,6.298357248306274,2024-04-01 17:53:26.755137
1416,4.5019026,323.2741,627.8102,658.19434,22.851562,29.6875,44.04297,6.203855037689209,2024-04-01 17:53:32.959337
1417,4.5019026,323.2741,628.12036,658.41864,22.851562,29.6875,44.04297,6.28714394569397,2024-04-01 17:53:39.246829
1418,4.5019026,323.2741,628.12964,659.24274,22.851562,29.6875,44.04297,6.24122428894043,2024-04-01 17:53:45.488584
1419,4.5019026,323.55585,628.19727,661.3279,22.851562,29.6875,44.04297,6.3795411586761475,2024-04-01 17:53:51.868524
1420,4.5019026,323.64398,628.19727,661.3279,22.851562,29.6875,44.04297,6.222380876541138,2024-04-01 17:53:58.091483
1421,4.5019026,323.64398,628.19727,661.3279,22.851562,29.6875,44.04297,6.3841233253479,2024-04-01 17:54:04.475955
1422,4.5019026,323.64398,628.19727,661.3279,22.851562,29.6875,44.04297,6.207447052001953,2024-04-01 17:54:10.683743
1423,4.5019026,323.64398,628.19727,661.3283,22.851562,29.6875,44.04297,6.269101142883301,2024-04-01 17:54:16.953187
1424,4.5019026,323.75275,628.91064,661.3283,22.851562,29.6875,44.04297,6.355403900146484,2024-04-01 17:54:23.309113
1425,4.5019026,323.91412,629.03723,661.3283,22.851562,29.6875,44.04297,6.230310916900635,2024-04-01 17:54:29.539812
1426,4.5019026,323.91412,629.1745,661.3283,22.851562,29.6875,44.04297,6.259365558624268,2024-04-01 17:54:35.799523
1427,4.5019026,323.91412,629.1745,661.3283,22.851562,29.6875,44.04297,6.4135212898254395,2024-04-01 17:54:42.213397
1428,4.5019026,323.91412,629.297,661.61536,22.851562,29.6875,44.04297,6.314462900161743,2024-04-01 17:54:48.528354
1429,4.5019026,324.2184,629.65717,662.1593,22.851562,29.6875,44.04297,6.257484436035156,2024-04-01 17:54:54.786262
1430,4.5019026,324.49802,630.666,662.542,22.851562,29.6875,44.04297,6.302015066146851,2024-04-01 17:55:01.088756
1431,4.5019026,325.7533,630.666,664.4153,22.851562,29.6875,44.04297,6.166687965393066,2024-04-01 17:55:07.255831
1432,4.5019026,325.7533,630.80383,664.5926,22.851562,29.6875,44.04297,6.191592216491699,2024-04-01 17:55:13.447766
1433,4.5019026,325.84152,630.8182,664.5926,22.851562,29.6875,44.04297,6.307761192321777,2024-04-01 17:55:19.755870
1434,4.5019026,325.84152,630.8182,664.6461,22.851562,29.6875,44.140625,6.230947971343994,2024-04-01 17:55:25.987167
1435,4.5019026,325.84152,631.6212,664.6461,22.851562,29.6875,44.140625,6.320141792297363,2024-04-01 17:55:32.307833
1436,4.5019026,326.089,631.95337,664.6461,22.851562,29.6875,44.140625,6.214655876159668,2024-04-01 17:55:38.522831
1437,4.5019026,326.089,632.184,664.6666,22.851562,29.6875,44.140625,6.482376337051392,2024-04-01 17:55:45.005587
1438,4.5019026,326.16095,632.48114,664.6666,22.851562,29.6875,44.140625,6.28873610496521,2024-04-01 17:55:51.294847
1439,4.5019026,326.16095,632.7439,664.6666,22.851562,29.6875,44.140625,6.312947511672974,2024-04-01 17:55:57.608367
1440,4.5019026,326.4667,633.39905,665.49585,22.851562,29.6875,44.140625,6.193655729293823,2024-04-01 17:56:03.802409
1441,4.5019026,326.4667,633.5929,665.49585,22.851562,29.6875,44.140625,6.304464340209961,2024-04-01 17:56:10.107264
1442,4.5019026,326.4667,633.5929,666.5419,22.851562,29.6875,44.140625,6.242447376251221,2024-04-01 17:56:16.350076
1443,4.5019026,326.4667,633.5929,666.5419,22.851562,29.6875,44.140625,6.148053884506226,2024-04-01 17:56:22.498509
1444,4.5019026,326.4667,633.5929,667.1634,22.851562,29.6875,44.140625,6.25810432434082,2024-04-01 17:56:28.756955
1445,4.5019026,326.4667,634.3018,667.92896,22.851562,29.6875,44.140625,6.420987844467163,2024-04-01 17:56:35.178402
1446,4.5019026,326.4667,634.3018,667.92896,22.851562,29.6875,44.140625,6.261634826660156,2024-04-01 17:56:41.440413
1447,4.5019026,326.4667,634.5801,667.92896,22.851562,29.6875,44.140625,6.223705530166626,2024-04-01 17:56:47.664504
1448,4.5019026,327.53986,634.9619,667.9501,22.851562,29.6875,44.140625,6.33869743347168,2024-04-01 17:56:54.003599
1449,4.5019026,327.76587,635.0941,667.9542,22.851562,29.6875,44.140625,6.2161571979522705,2024-04-01 17:57:00.220093
1450,4.5019026,327.76587,635.26746,669.1089,22.851562,29.6875,44.140625,6.370230436325073,2024-04-01 17:57:06.590673
1451,4.5019026,327.76587,635.29346,669.52747,22.851562,29.6875,44.140625,6.353086709976196,2024-04-01 17:57:12.944293
1452,4.5019026,327.76587,635.4612,669.52747,22.851562,29.6875,44.140625,6.216092586517334,2024-04-01 17:57:19.160739
1453,4.5019026,327.81027,635.466,670.2593,22.851562,29.6875,44.140625,6.253520488739014,2024-04-01 17:57:25.414644
1454,4.5019026,327.81027,635.466,670.2593,22.851562,29.6875,44.140625,6.247302293777466,2024-04-01 17:57:31.662336
1455,4.5019026,327.81027,635.466,670.2593,22.851562,29.6875,44.140625,6.349294424057007,2024-04-01 17:57:38.012153
1456,4.5019026,327.81027,635.48236,670.46594,22.851562,29.6875,44.140625,6.299588680267334,2024-04-01 17:57:44.312325
1457,4.5019026,327.81027,635.6305,672.0083,22.851562,29.6875,44.140625,6.430765867233276,2024-04-01 17:57:50.743460
1458,4.5019026,327.81027,635.6692,672.047,22.851562,29.6875,44.140625,6.283801555633545,2024-04-01 17:57:57.027596
1459,4.5019026,327.81027,635.9385,672.959,22.851562,29.6875,44.140625,6.2799599170684814,2024-04-01 17:58:03.307908
1460,4.5019026,327.81027,636.4734,675.1985,22.851562,29.6875,44.140625,6.4277331829071045,2024-04-01 17:58:09.736027
1461,4.5019026,327.81027,636.4734,676.10876,22.851562,29.6875,44.140625,6.279911518096924,2024-04-01 17:58:16.016288
1462,4.5019026,327.81027,636.79675,676.10876,22.851562,29.6875,44.140625,6.3574748039245605,2024-04-01 17:58:22.374351
1463,4.5019026,327.81027,637.2606,676.5793,22.851562,29.6875,44.140625,6.260873794555664,2024-04-01 17:58:28.635766
1464,4.5019026,327.81027,637.47943,677.6681,22.851562,29.6875,44.140625,6.342954635620117,2024-04-01 17:58:34.979101
1465,4.5019026,327.81027,638.11865,677.6681,22.851562,29.6875,44.140625,6.392889499664307,2024-04-01 17:58:41.372371
1466,4.5019026,329.11392,638.3773,677.90137,22.851562,29.6875,44.140625,6.3387978076934814,2024-04-01 17:58:47.711672
1467,4.5019026,329.11392,638.5452,677.90137,22.851562,29.6875,44.140625,6.475577354431152,2024-04-01 17:58:54.187684
1468,4.5019026,329.49652,639.4061,678.3706,22.851562,29.6875,44.140625,6.1682212352752686,2024-04-01 17:59:00.356289
1469,4.5019026,329.49652,639.76434,678.3706,22.851562,29.6875,44.140625,6.310688495635986,2024-04-01 17:59:06.667536
1470,4.5019026,331.2168,641.734,679.34235,22.851562,29.6875,44.140625,6.340725421905518,2024-04-01 17:59:13.008660
1471,4.5019026,331.2168,641.734,679.34235,22.851562,29.6875,44.140625,6.303212642669678,2024-04-01 17:59:19.312256
1472,4.5019026,331.33905,641.9549,679.34235,22.851562,29.6875,44.140625,6.288586854934692,2024-04-01 17:59:25.601189
1473,4.5019026,331.33905,642.3399,680.3754,22.851562,29.6875,44.140625,6.360473871231079,2024-04-01 17:59:31.962152
1474,4.5019026,331.33905,642.39844,681.01917,22.851562,29.6875,44.140625,6.198162317276001,2024-04-01 17:59:38.160662
1475,4.5019026,331.33905,642.39844,681.0386,22.851562,29.6875,44.140625,6.231066942214966,2024-04-01 17:59:44.392127
1476,4.5019026,331.526,642.39844,681.0386,22.851562,29.6875,44.140625,6.259271621704102,2024-04-01 17:59:50.651738
1477,4.5019026,331.526,642.55005,681.16974,22.851562,29.6875,44.140625,6.296715021133423,2024-04-01 17:59:56.948801
1478,4.5019026,331.526,642.55005,681.16974,22.851562,29.6875,44.140625,6.235524892807007,2024-04-01 18:00:03.184810
1479,4.5019026,331.526,642.55005,681.16974,22.851562,29.6875,44.140625,6.1501922607421875,2024-04-01 18:00:09.335463
1480,4.5019026,331.526,642.55005,681.16974,22.851562,29.6875,44.140625,6.353892087936401,2024-04-01 18:00:15.689704
1481,4.5019026,331.526,642.76465,681.16974,22.851562,29.6875,44.140625,6.137934923171997,2024-04-01 18:00:21.828019
1482,4.5019026,331.526,642.95654,682.0446,22.851562,29.6875,44.140625,6.2478578090667725,2024-04-01 18:00:28.076273
1483,4.5019026,331.526,642.9874,682.0446,22.851562,29.6875,44.140625,6.325870990753174,2024-04-01 18:00:34.402685
1484,4.5019026,331.526,642.9874,682.07214,22.851562,29.6875,44.140625,6.2821667194366455,2024-04-01 18:00:40.685195
1485,4.5019026,331.526,643.0052,682.15234,22.851562,29.6875,44.140625,6.254179239273071,2024-04-01 18:00:46.939759
1486,4.5019026,331.526,643.3821,682.15234,22.851562,29.6875,44.140625,6.399610757827759,2024-04-01 18:00:53.339713
1487,4.5019026,331.9248,644.8533,682.24384,22.851562,29.6875,44.140625,6.194432973861694,2024-04-01 18:00:59.534500
1488,4.5019026,332.01288,645.04706,682.24384,22.851562,29.6875,44.140625,6.3771679401397705,2024-04-01 18:01:05.912043
1489,4.5019026,332.01288,645.04706,682.4965,22.851562,29.6875,44.140625,6.351680040359497,2024-04-01 18:01:12.264060
1490,4.5019026,332.01288,645.04706,682.4965,22.851562,29.6875,44.140625,6.287858724594116,2024-04-01 18:01:18.552601
1491,4.5019026,332.01288,645.04706,682.4965,22.851562,29.6875,44.140625,6.351055383682251,2024-04-01 18:01:24.904050
1492,4.5019026,332.15134,647.0031,682.5113,22.851562,29.6875,44.140625,6.337869644165039,2024-04-01 18:01:31.242486
1493,4.5019026,332.15134,647.0031,683.4798,22.851562,29.6875,44.140625,6.255016326904297,2024-04-01 18:01:37.497856
1494,4.5019026,332.45602,647.6336,684.4723,22.851562,29.6875,44.140625,6.28054666519165,2024-04-01 18:01:43.778895
1495,4.5019026,332.45602,648.25464,684.4723,22.851562,29.6875,44.140625,6.184815406799316,2024-04-01 18:01:49.964120
1496,4.5019026,332.45602,648.3804,684.4723,22.851562,29.6875,44.140625,6.213847398757935,2024-04-01 18:01:56.178350
1497,4.5019026,332.45602,648.68494,685.6531,22.851562,29.6875,44.140625,6.296759605407715,2024-04-01 18:02:02.475462
1498,4.5019026,332.45602,648.68494,685.79913,22.851562,29.6875,44.140625,6.284170627593994,2024-04-01 18:02:08.760110
1499,4.5019026,332.45602,648.68494,685.79913,22.851562,29.6875,44.140625,6.384063482284546,2024-04-01 18:02:15.144516
1500,4.5019026,332.5466,649.35034,686.1798,22.851562,29.6875,44.140625,6.411180019378662,2024-04-01 18:02:21.556110
1501,4.5019026,332.5466,649.57117,686.2101,22.851562,29.6875,44.140625,6.2653727531433105,2024-04-01 18:02:27.821830
1502,4.5019026,332.5466,650.1468,687.0003,22.851562,29.6875,44.140625,6.273219347000122,2024-04-01 18:02:34.095410
1503,4.5019026,332.9284,650.70123,687.41504,22.851562,29.6875,44.140625,6.311658143997192,2024-04-01 18:02:40.407497
1504,4.5019026,332.9284,650.85297,688.1185,22.851562,29.6875,44.140625,6.245669603347778,2024-04-01 18:02:46.653510
1505,4.5019026,332.9284,651.135,689.3165,22.851562,29.6875,44.140625,6.368006706237793,2024-04-01 18:02:53.022199
1506,4.5019026,333.57172,651.98047,692.083,22.851562,29.6875,44.140625,6.27366042137146,2024-04-01 18:02:59.296213
1507,4.5019026,333.57172,652.2688,692.083,22.851562,29.6875,44.140625,6.260191440582275,2024-04-01 18:03:05.556753
1508,4.5019026,333.57172,652.2688,692.083,22.851562,29.6875,44.140625,6.348064184188843,2024-04-01 18:03:11.905195
1509,4.5019026,333.57172,652.28564,692.083,22.851562,29.6875,44.140625,6.4341137409210205,2024-04-01 18:03:18.339687
1510,4.5019026,334.2273,653.5282,692.2069,22.851562,29.6875,44.140625,6.322007417678833,2024-04-01 18:03:24.662035
1511,4.5019026,334.2273,653.5282,692.2069,22.851562,29.6875,44.140625,6.2792041301727295,2024-04-01 18:03:30.941612
1512,4.5019026,334.2273,653.5756,692.82874,22.851562,29.6875,44.140625,6.254772424697876,2024-04-01 18:03:37.196771
1513,4.5019026,334.346,653.9885,692.82874,22.851562,29.6875,44.140625,6.298168420791626,2024-04-01 18:03:43.495421
1514,4.5019026,334.346,654.244,692.82874,22.851562,29.6875,44.140625,6.280658960342407,2024-04-01 18:03:49.776423
1515,4.5019026,334.346,654.244,693.9418,22.851562,29.6875,44.140625,6.263211011886597,2024-04-01 18:03:56.040019
1516,4.5019026,334.346,654.25745,694.2414,22.851562,29.6875,44.140625,6.228856563568115,2024-04-01 18:04:02.269224
1517,4.5019026,334.346,654.3646,694.2799,22.851562,29.6875,44.140625,6.389887094497681,2024-04-01 18:04:08.659487
1518,4.5019026,334.4101,654.3787,694.2799,22.851562,29.6875,44.140625,6.235295295715332,2024-04-01 18:04:14.895124
1519,4.5019026,334.86072,654.40576,694.711,22.851562,29.6875,44.140625,6.316430330276489,2024-04-01 18:04:21.212098
1520,4.5019026,334.86072,655.232,694.711,22.851562,29.6875,44.140625,6.240396976470947,2024-04-01 18:04:27.452845
1521,4.5019026,335.45477,656.637,694.711,22.851562,29.6875,44.140625,6.2384326457977295,2024-04-01 18:04:33.691768
1522,4.5019026,335.45477,657.09686,695.706,22.851562,29.6875,44.140625,6.309474229812622,2024-04-01 18:04:40.001729
1523,4.5019026,335.45477,657.09686,695.706,22.851562,29.6875,44.140625,6.159252643585205,2024-04-01 18:04:46.161466
1524,4.5019026,335.45477,657.1644,695.706,22.851562,29.6875,44.140625,6.361286401748657,2024-04-01 18:04:52.523151
1525,4.5019026,335.57922,657.1644,695.706,22.851562,29.6875,44.140625,6.3607635498046875,2024-04-01 18:04:58.884328
1526,4.5019026,335.57922,657.1644,696.7278,22.851562,29.6875,44.140625,6.310747861862183,2024-04-01 18:05:05.195450
1527,4.5019026,336.03564,657.1644,696.7278,22.851562,29.6875,44.140625,6.240694284439087,2024-04-01 18:05:11.436543
1528,4.5019026,336.03564,657.48584,696.7278,22.851562,29.6875,44.140625,6.2206690311431885,2024-04-01 18:05:17.657609
1529,4.5019026,336.56964,657.48584,696.7278,22.851562,29.6875,44.140625,6.248909950256348,2024-04-01 18:05:23.906963
1530,4.5019026,336.56964,657.53503,696.7278,22.851562,29.6875,44.140625,6.233213186264038,2024-04-01 18:05:30.140515
1531,4.5019026,336.56964,657.6065,696.7278,22.851562,29.6875,44.140625,6.288187026977539,2024-04-01 18:05:36.429097
1532,4.5019026,336.56964,657.6065,697.7025,22.851562,29.6875,44.23828,6.282459020614624,2024-04-01 18:05:42.712002
1533,4.5019026,337.1667,658.6904,700.1952,22.851562,29.6875,44.23828,6.356457233428955,2024-04-01 18:05:49.068793
1534,4.5019026,337.1667,658.6904,700.1952,22.851562,29.6875,44.23828,6.239190101623535,2024-04-01 18:05:55.308375
1535,4.5019026,337.1667,659.0968,701.3302,22.851562,29.6875,44.23828,6.292224884033203,2024-04-01 18:06:01.600976
1536,4.5019026,337.85788,659.0968,701.6405,22.851562,29.6875,44.23828,6.370053291320801,2024-04-01 18:06:07.971404
1537,4.5019026,337.85788,659.2617,701.7984,22.851562,29.6875,44.23828,6.367324352264404,2024-04-01 18:06:14.339070
1538,4.5019026,339.16562,659.3672,701.7984,22.851562,29.6875,44.23828,6.438494920730591,2024-04-01 18:06:20.778127
1539,4.5019026,339.16562,659.82385,701.7984,22.851562,29.6875,44.23828,6.213812351226807,2024-04-01 18:06:26.992396
1540,4.5019026,339.16562,659.82385,701.7984,22.851562,29.6875,44.23828,6.386430501937866,2024-04-01 18:06:33.379382
1541,4.5019026,339.16562,659.82385,701.7984,22.851562,29.6875,44.23828,6.2837183475494385,2024-04-01 18:06:39.663650
1542,4.5019026,339.16562,659.82385,705.537,22.851562,29.6875,44.23828,6.265620231628418,2024-04-01 18:06:45.929615
1543,4.5019026,339.16562,660.01495,705.537,22.851562,29.6875,44.23828,6.350918769836426,2024-04-01 18:06:52.280944
1544,4.5019026,339.16562,660.05005,706.1568,22.851562,29.6875,44.23828,6.307081460952759,2024-04-01 18:06:58.588560
1545,4.5019026,339.16562,660.05005,706.74585,22.851562,29.6875,44.23828,6.274522542953491,2024-04-01 18:07:04.863475
1546,4.5019026,339.16562,660.05005,706.74585,22.851562,29.6875,44.23828,6.348905563354492,2024-04-01 18:07:11.212724
1547,4.5019026,339.57367,660.1838,707.09863,22.851562,29.6875,44.23828,6.151747465133667,2024-04-01 18:07:17.365080
1548,4.5019026,339.57367,660.208,707.09863,22.851562,29.6875,44.23828,6.246308326721191,2024-04-01 18:07:23.611767
1549,4.5019026,339.57367,660.3574,707.09863,22.851562,29.6875,44.23828,6.188692808151245,2024-04-01 18:07:29.800803
1550,4.5019026,339.9488,660.6648,707.09863,22.851562,29.6875,44.23828,6.327012300491333,2024-04-01 18:07:36.128191
1551,4.5019026,339.9488,660.8828,707.1416,22.851562,29.6875,44.23828,6.344013214111328,2024-04-01 18:07:42.472542
1552,4.5019026,339.9488,660.8828,707.4752,22.851562,29.6875,44.23828,6.302044153213501,2024-04-01 18:07:48.774984
1553,4.5019026,339.9488,661.3045,708.2617,22.851562,29.6875,44.23828,6.322677135467529,2024-04-01 18:07:55.098004
1554,4.5019026,339.9488,661.3198,708.2617,22.851562,29.6875,44.23828,6.343191385269165,2024-04-01 18:08:01.441748
1555,4.5019026,339.9488,661.66943,708.59985,22.851562,29.6875,44.23828,6.305548429489136,2024-04-01 18:08:07.747685
1556,4.5019026,339.9488,662.0041,708.59985,22.851562,29.6875,44.23828,6.244449138641357,2024-04-01 18:08:13.992475
1557,4.5019026,339.9488,662.7186,708.8938,22.851562,29.6875,44.23828,6.232285499572754,2024-04-01 18:08:20.225278
1558,4.5019026,339.9488,662.92834,708.8938,22.851562,29.6875,44.23828,6.398294925689697,2024-04-01 18:08:26.623965
1559,4.5019026,339.9488,662.92834,708.8938,22.851562,29.6875,44.23828,6.1965367794036865,2024-04-01 18:08:32.820854
1560,4.5019026,339.9488,663.45996,708.8938,22.851562,29.6875,44.23828,6.309520244598389,2024-04-01 18:08:39.130749
1561,4.5019026,340.09436,663.9036,709.3066,22.851562,29.6875,44.23828,6.233107566833496,2024-04-01 18:08:45.364207
1562,4.5019026,340.09436,663.9036,709.3066,22.851562,29.6875,44.23828,6.3200459480285645,2024-04-01 18:08:51.684592
1563,4.5019026,340.90054,665.176,709.83923,22.851562,29.6875,44.23828,6.306860446929932,2024-04-01 18:08:57.991855
1564,4.5019026,341.2602,665.176,709.98755,22.851562,29.6875,44.23828,6.255605220794678,2024-04-01 18:09:04.247802
1565,4.5019026,341.2602,665.2233,709.98755,22.851562,29.6875,44.23828,6.361141920089722,2024-04-01 18:09:10.609280
1566,4.5019026,341.2602,666.4354,710.30133,22.851562,29.6875,44.23828,6.178364515304565,2024-04-01 18:09:16.788051
1567,4.5019026,342.01617,667.20984,710.39465,22.851562,29.6875,44.23828,6.340278148651123,2024-04-01 18:09:23.128673
1568,4.5019026,342.02557,667.97705,710.39465,22.851562,29.6875,44.23828,6.282075881958008,2024-04-01 18:09:29.411135
1569,4.5019026,342.02557,667.97705,711.3929,22.851562,29.6875,44.23828,6.232418060302734,2024-04-01 18:09:35.644030
1570,4.5019026,342.08124,667.97705,711.3929,22.851562,29.6875,44.23828,6.428344488143921,2024-04-01 18:09:42.072720
1571,4.5019026,342.08124,669.03174,711.3929,22.851562,29.6875,44.23828,6.285051584243774,2024-04-01 18:09:48.358198
1572,4.5019026,342.60132,669.03174,711.3929,22.851562,29.6875,44.23828,6.4380552768707275,2024-04-01 18:09:54.796655
1573,4.5019026,342.60132,669.5909,711.3929,22.851562,29.6875,44.23828,6.2057788372039795,2024-04-01 18:10:01.002919
1574,4.5019026,342.60132,669.6975,711.45715,22.851562,29.6875,44.23828,6.269028186798096,2024-04-01 18:10:07.272287
1575,4.5019026,342.79858,670.4004,713.10236,22.851562,29.6875,44.23828,6.387803316116333,2024-04-01 18:10:13.660494
1576,4.5019026,342.79858,671.8397,713.1697,22.851562,29.6875,44.23828,6.337789535522461,2024-04-01 18:10:19.998682
1577,4.5019026,342.79858,671.8397,713.4874,22.851562,29.6875,44.23828,6.24437403678894,2024-04-01 18:10:26.243813
1578,4.5019026,343.43628,672.01025,714.6142,22.851562,29.6875,44.23828,6.346831560134888,2024-04-01 18:10:32.590986
1579,4.5019026,343.43628,672.01025,714.6142,22.851562,29.6875,44.23828,6.296407461166382,2024-04-01 18:10:38.887734
1580,4.5019026,343.43628,672.7978,714.6142,22.851562,29.6875,44.23828,6.254654407501221,2024-04-01 18:10:45.142732
1581,4.5019026,343.43628,672.7978,715.0137,22.851562,29.6875,44.23828,6.312981605529785,2024-04-01 18:10:51.456142
1582,4.5019026,343.43628,673.0228,715.0137,22.851562,29.6875,44.23828,6.417049169540405,2024-04-01 18:10:57.873538
1583,4.5019026,343.43628,673.5126,716.993,22.851562,29.6875,44.23828,6.179932117462158,2024-04-01 18:11:04.053955
1584,4.5019026,343.92487,673.70764,716.993,22.851562,29.6875,44.23828,6.201050281524658,2024-04-01 18:11:10.255536
1585,4.5019026,343.92487,673.8788,718.0776,22.851562,29.6875,44.23828,6.352787971496582,2024-04-01 18:11:16.608674
1586,4.5019026,343.92487,674.0393,718.2017,22.851562,29.6875,44.23828,6.185271978378296,2024-04-01 18:11:22.794339
1587,4.5019026,344.35986,674.41394,718.3072,22.851562,29.6875,44.23828,6.325884103775024,2024-04-01 18:11:29.120553
1588,4.5019026,344.83347,675.2179,718.3072,22.851562,29.6875,44.23828,6.319130182266235,2024-04-01 18:11:35.440108
1589,4.5019026,346.06323,675.2191,718.3878,22.851562,29.6875,44.23828,6.243786573410034,2024-04-01 18:11:41.684336
1590,4.5019026,346.25885,675.2191,718.3878,22.851562,29.6875,44.23828,6.2917540073394775,2024-04-01 18:11:47.976510
1591,4.5019026,346.34848,675.2191,718.3878,22.851562,29.6875,44.23828,6.295722723007202,2024-04-01 18:11:54.272696
1592,4.5019026,346.34848,675.2191,719.7433,22.851562,29.6875,44.23828,6.257718563079834,2024-04-01 18:12:00.530795
1593,4.5019026,346.52173,675.2191,719.98474,22.851562,29.6875,44.23828,6.279738187789917,2024-04-01 18:12:06.810873
1594,4.5019026,347.4468,675.2191,720.05524,22.851562,29.6875,44.23828,6.3764472007751465,2024-04-01 18:12:13.187877
1595,4.5019026,348.29544,675.2297,720.05524,22.851562,29.6875,44.23828,6.271599292755127,2024-04-01 18:12:19.459841
1596,4.5019026,348.29544,675.30176,720.05524,22.851562,29.6875,44.23828,6.179156541824341,2024-04-01 18:12:25.639351
1597,4.5019026,348.29544,675.48157,720.0935,22.851562,29.6875,44.23828,6.376388311386108,2024-04-01 18:12:32.016110
1598,4.5019026,348.29544,675.69507,720.3147,22.851562,29.6875,44.23828,6.331425666809082,2024-04-01 18:12:38.347875
1599,4.5019026,348.29544,675.93176,720.3147,22.851562,29.6875,44.23828,6.299744367599487,2024-04-01 18:12:44.647961
1600,4.5019026,348.29544,675.98315,720.3147,22.851562,29.6875,44.23828,6.427286863327026,2024-04-01 18:12:51.075774
1601,4.5019026,348.875,675.98315,720.3147,22.851562,29.6875,44.23828,6.406602144241333,2024-04-01 18:12:57.482849
1602,4.5019026,351.2154,675.98315,720.8502,22.851562,29.6875,44.23828,6.359640598297119,2024-04-01 18:13:03.842924
1603,4.5019026,351.2154,676.3845,721.0386,22.851562,29.6875,44.23828,6.253730058670044,2024-04-01 18:13:10.097045
1604,4.5019026,351.7208,676.52966,721.0386,22.851562,29.6875,44.23828,6.258483409881592,2024-04-01 18:13:16.356027
1605,4.5019026,351.7208,676.52966,721.0386,22.851562,29.6875,44.23828,6.151775121688843,2024-04-01 18:13:22.508150
1606,4.5019026,352.11316,676.9563,722.05396,22.851562,29.6875,44.23828,6.287849187850952,2024-04-01 18:13:28.796337
1607,4.5019026,352.11676,680.0079,722.28735,22.851562,29.6875,44.23828,6.273696184158325,2024-04-01 18:13:35.070420
1608,4.5019026,352.11676,680.2689,722.28735,22.851562,29.6875,44.23828,6.33150315284729,2024-04-01 18:13:41.402271
1609,4.5019026,352.5456,680.2689,722.28735,22.851562,29.6875,44.23828,6.151858568191528,2024-04-01 18:13:47.554686
1610,4.5019026,354.11377,680.2689,723.6865,22.851562,29.6875,44.23828,6.418599843978882,2024-04-01 18:13:53.973636
1611,4.5019026,354.11377,680.7721,723.6865,22.851562,29.6875,44.23828,6.2268853187561035,2024-04-01 18:14:00.201079
1612,4.5019026,354.11377,680.9607,723.96436,22.851562,29.6875,44.23828,6.288374423980713,2024-04-01 18:14:06.489990
1613,4.5019026,354.84845,681.0663,723.96436,22.851562,29.6875,44.23828,6.117269992828369,2024-04-01 18:14:12.607758
1614,4.5019026,354.84845,681.09265,724.13574,22.851562,29.6875,44.23828,6.23084282875061,2024-04-01 18:14:18.838943
1615,4.5019026,354.84845,681.1836,724.13574,22.851562,29.6875,44.23828,6.543976545333862,2024-04-01 18:14:25.383409
1616,4.5019026,354.84845,681.2308,724.13574,22.851562,29.6875,44.23828,6.3654327392578125,2024-04-01 18:14:31.749183
1617,4.5019026,354.84845,681.2308,725.4575,22.851562,29.6875,44.23828,6.256546497344971,2024-04-01 18:14:38.006177
1618,4.5019026,355.11487,682.23047,725.4575,22.851562,29.6875,44.23828,6.2053468227386475,2024-04-01 18:14:44.212012
1619,4.5019026,355.1474,682.84094,725.9264,22.851562,29.6875,44.23828,6.20827317237854,2024-04-01 18:14:50.420638
1620,4.5019026,355.1474,682.9414,725.9264,22.851562,29.6875,44.23828,6.302350997924805,2024-04-01 18:14:56.723366
1621,4.5019026,355.48505,683.2561,726.1429,22.851562,29.6875,44.23828,6.375824213027954,2024-04-01 18:15:03.099542
1622,4.5019026,355.48505,683.3336,726.1429,22.851562,29.6875,44.23828,6.25990891456604,2024-04-01 18:15:09.359877
1623,4.5019026,356.06775,683.6295,727.0023,22.851562,29.6875,44.23828,6.2694923877716064,2024-04-01 18:15:15.629714
1624,4.5019026,356.69672,684.8109,731.098,22.851562,29.6875,44.23828,6.298235893249512,2024-04-01 18:15:21.928437
1625,4.5019026,357.32446,684.9997,733.6161,22.851562,29.6875,44.23828,6.32350754737854,2024-04-01 18:15:28.252340
1626,4.5019026,357.32446,685.0386,733.8528,22.851562,29.6875,44.23828,6.360476493835449,2024-04-01 18:15:34.613323
1627,4.5019026,357.32446,685.0386,734.5317,22.851562,29.6875,44.23828,6.272593975067139,2024-04-01 18:15:40.886459
1628,4.5019026,357.32446,685.0386,734.85486,22.851562,29.6875,44.23828,6.236319541931152,2024-04-01 18:15:47.123111
1629,4.5019026,357.32446,685.0896,734.85486,22.851562,29.6875,44.23828,6.172211170196533,2024-04-01 18:15:53.295662
1630,4.5019026,357.32446,685.0896,735.08923,22.851562,29.6875,44.23828,6.347430229187012,2024-04-01 18:15:59.643524
1631,4.5019026,357.32446,685.3323,735.08923,22.851562,29.6875,44.23828,6.2335045337677,2024-04-01 18:16:05.877570
1632,4.5019026,357.32446,685.4857,735.08923,22.851562,29.6875,44.23828,6.2873077392578125,2024-04-01 18:16:12.165426
1633,4.5019026,357.32446,685.8766,735.6679,22.851562,29.6875,44.23828,6.385422468185425,2024-04-01 18:16:18.551307
1634,4.5019026,357.32446,685.9945,735.6679,22.851562,29.6875,44.23828,6.311366319656372,2024-04-01 18:16:24.863014
1635,4.5019026,357.7425,686.0086,736.0713,22.851562,29.6875,44.23828,6.330921649932861,2024-04-01 18:16:31.194541
1636,4.5019026,357.7425,686.0086,736.0713,22.851562,29.6875,44.23828,6.1936986446380615,2024-04-01 18:16:37.388582
1637,4.5019026,357.7425,686.0086,736.25574,22.851562,29.6875,44.23828,6.335422992706299,2024-04-01 18:16:43.724527
1638,4.5019026,357.7425,686.0086,737.63196,22.851562,29.6875,44.23828,6.162111282348633,2024-04-01 18:16:49.887037
1639,4.5019026,357.7425,686.08997,737.63196,22.851562,29.6875,44.23828,6.351972341537476,2024-04-01 18:16:56.239363
1640,4.5019026,357.7425,686.08997,737.63196,22.851562,29.6875,44.23828,6.287261247634888,2024-04-01 18:17:02.526972
1641,4.5019026,357.7425,686.2297,737.63196,22.851562,29.6875,44.23828,6.246637582778931,2024-04-01 18:17:08.774043
1642,4.5019026,358.3671,686.4292,738.02856,22.851562,29.6875,44.23828,6.144685983657837,2024-04-01 18:17:14.919078
1643,4.5019026,358.84866,686.48926,738.98413,22.851562,29.6875,44.23828,6.160311222076416,2024-04-01 18:17:21.079729
1644,4.5019026,358.84866,686.48926,738.98413,22.851562,29.6875,44.23828,6.408311367034912,2024-04-01 18:17:27.488443
1645,4.5019026,358.84866,686.48926,738.98413,22.851562,29.6875,44.23828,6.365345001220703,2024-04-01 18:17:33.854193
1646,4.5019026,358.84866,686.48926,738.98413,22.851562,29.6875,44.23828,6.284480571746826,2024-04-01 18:17:40.139230
1647,4.5019026,359.4183,686.77075,739.1548,22.851562,29.6875,44.23828,6.304112434387207,2024-04-01 18:17:46.443684
1648,4.5019026,359.4183,687.249,739.1548,22.851562,29.6875,44.23828,6.317971229553223,2024-04-01 18:17:52.761996
1649,4.5019026,359.55597,687.6333,739.1548,22.851562,29.6875,44.23828,6.28195595741272,2024-04-01 18:17:59.044338
1650,4.5019026,359.55597,687.8085,739.1548,22.851562,29.6875,44.23828,6.126920938491821,2024-04-01 18:18:05.171824
1651,4.5019026,359.65155,687.8085,739.19226,22.851562,29.6875,44.23828,6.160588026046753,2024-04-01 18:18:11.332762
1652,4.5019026,359.8566,687.86945,739.19226,22.851562,29.6875,44.23828,6.252995729446411,2024-04-01 18:18:17.586139
1653,4.5019026,359.87787,687.86945,739.19226,22.851562,29.6875,44.23828,6.303663969039917,2024-04-01 18:18:23.890154
1654,4.5019026,359.87787,687.93335,739.19226,22.851562,29.6875,44.23828,6.3312671184539795,2024-04-01 18:18:30.221959
1655,4.5019026,359.87787,687.93335,739.61224,22.851562,29.6875,44.23828,6.307645797729492,2024-04-01 18:18:36.529948
1656,4.5019026,359.87787,688.1142,739.61224,22.851562,29.6875,44.23828,6.165660858154297,2024-04-01 18:18:42.695951
1657,4.5019026,359.87787,688.1142,739.8504,22.851562,29.6875,44.23828,6.300262928009033,2024-04-01 18:18:48.996557
1658,4.5019026,359.87787,688.1142,739.8504,22.851562,29.6875,44.23828,6.3891921043396,2024-04-01 18:18:55.386155
1659,4.5019026,359.87787,688.1142,739.8504,22.851562,29.6875,44.23828,6.297839641571045,2024-04-01 18:19:01.684372
1660,4.5019026,359.87787,688.1142,739.8504,22.851562,29.6875,44.23828,6.264255523681641,2024-04-01 18:19:07.949009
1661,4.5019026,360.24747,688.7175,739.76874,22.851562,29.6875,44.335938,6.289678335189819,2024-04-01 18:19:14.239072
1662,4.5019026,360.24747,689.0657,739.94556,22.851562,29.6875,44.335938,6.302746057510376,2024-04-01 18:19:20.542211
1663,4.5019026,360.24747,689.3319,740.0261,22.851562,29.6875,44.335938,6.239182710647583,2024-04-01 18:19:26.781768
1664,4.5019026,360.31424,689.3868,741.7001,22.851562,29.6875,44.335938,6.393425941467285,2024-04-01 18:19:33.175892
1665,4.5019026,360.31424,689.3868,741.7001,22.851562,29.6875,44.335938,6.286084175109863,2024-04-01 18:19:39.462515
1666,4.5019026,360.31424,689.708,741.7001,22.851562,29.6875,44.335938,6.231941223144531,2024-04-01 18:19:45.695010
1667,4.5019026,360.31424,690.38153,743.5653,22.851562,29.6875,44.335938,6.392721652984619,2024-04-01 18:19:52.088085
1668,4.5019026,360.31424,690.38153,744.20013,22.851562,29.6875,44.335938,6.289869070053101,2024-04-01 18:19:58.378293
1669,4.5019026,360.31424,690.38354,744.28296,22.851562,29.6875,44.335938,6.3012402057647705,2024-04-01 18:20:04.680017
1670,4.5019026,360.31424,690.3865,744.28296,22.851562,29.6875,44.335938,6.27960729598999,2024-04-01 18:20:10.960160
1671,4.5019026,360.31424,690.3865,744.28296,22.851562,29.6875,44.335938,6.329768657684326,2024-04-01 18:20:17.290276
1672,4.5019026,360.31424,690.404,744.28296,22.851562,29.6875,44.335938,6.401642084121704,2024-04-01 18:20:23.692457
1673,4.5019026,360.31424,690.4084,744.28296,22.851562,29.6875,44.335938,6.293833255767822,2024-04-01 18:20:29.987075
1674,4.5019026,361.02298,691.2296,745.23016,22.851562,29.6875,44.335938,6.057448863983154,2024-04-01 18:20:36.044866
1675,4.5019026,361.02298,691.49426,745.23016,22.851562,29.6875,44.335938,6.21390962600708,2024-04-01 18:20:42.259157
1676,4.5019026,361.02298,692.00256,745.2384,22.851562,29.6875,44.335938,6.296701192855835,2024-04-01 18:20:48.556207
1677,4.5019026,361.02298,692.00256,745.2384,22.851562,29.6875,44.335938,6.263310670852661,2024-04-01 18:20:54.819862
1678,4.5019026,361.02298,692.15454,745.2384,22.851562,29.6875,44.335938,6.196330785751343,2024-04-01 18:21:01.016547
1679,4.5019026,361.02298,692.2967,745.2384,22.851562,29.6875,44.335938,6.310849905014038,2024-04-01 18:21:07.328031
1680,4.5019026,361.02298,692.31165,745.2384,22.851562,29.6875,44.335938,6.2815845012664795,2024-04-01 18:21:13.609966
1681,4.5019026,361.02298,692.5454,745.57263,22.851562,29.6875,44.335938,6.344965219497681,2024-04-01 18:21:19.955455
1682,4.5019026,361.02298,692.5464,745.57263,22.851562,29.6875,44.335938,6.2644383907318115,2024-04-01 18:21:26.220240
1683,4.5019026,361.26483,693.0472,745.57263,22.851562,29.6875,44.335938,6.418442964553833,2024-04-01 18:21:32.639223
1684,4.5019026,361.26483,693.286,745.6841,22.851562,29.6875,44.335938,6.173350095748901,2024-04-01 18:21:38.812917
1685,4.5019026,361.9149,693.5518,745.7162,22.851562,29.6875,44.335938,6.311110496520996,2024-04-01 18:21:45.124569
1686,4.5019026,361.9149,694.0874,745.7162,22.851562,29.6875,44.335938,6.33973503112793,2024-04-01 18:21:51.464693
1687,4.5019026,361.9149,694.7738,745.7162,22.851562,29.6875,44.335938,6.351094007492065,2024-04-01 18:21:57.816167
1688,4.5019026,363.3799,695.5305,745.88257,22.851562,29.6875,44.335938,6.271574974060059,2024-04-01 18:22:04.088083
1689,4.5019026,363.3799,696.27893,746.2085,22.851562,29.6875,44.335938,6.373058319091797,2024-04-01 18:22:10.461480
1690,4.5019026,363.3799,696.7977,746.5502,22.851562,29.6875,44.335938,6.1824963092803955,2024-04-01 18:22:16.644412
1691,4.5019026,366.42426,697.0169,746.8848,22.851562,29.6875,44.335938,6.186746597290039,2024-04-01 18:22:22.831546
1692,4.5019026,366.42426,697.2494,746.8848,22.851562,29.6875,44.335938,6.33298397064209,2024-04-01 18:22:29.164874
1693,4.5019026,366.42426,697.2494,747.1139,22.851562,29.6875,44.335938,6.243438482284546,2024-04-01 18:22:35.408722
1694,4.5019026,366.42426,697.63257,747.14404,22.851562,29.6875,44.335938,6.325894594192505,2024-04-01 18:22:41.734996
1695,4.5019026,366.42426,697.63257,747.14404,22.851562,29.6875,44.335938,6.336880207061768,2024-04-01 18:22:48.072240
1696,4.5019026,366.42426,697.9496,747.9088,22.851562,29.6875,44.335938,6.247687339782715,2024-04-01 18:22:54.320370
1697,4.5019026,366.42426,698.3285,747.9088,22.851562,29.6875,44.335938,6.292683362960815,2024-04-01 18:23:00.613842
1698,4.5019026,366.64944,699.21643,747.9088,22.851562,29.6875,44.335938,6.288405656814575,2024-04-01 18:23:06.902836
1699,4.5019026,366.64944,699.21643,748.1343,22.851562,29.6875,44.335938,6.25381064414978,2024-04-01 18:23:13.157323
1700,4.5019026,366.64944,699.21643,748.76355,22.851562,29.6875,44.335938,6.1666741371154785,2024-04-01 18:23:19.324801
1701,4.5019026,366.64944,699.21643,748.76355,22.851562,29.6875,44.335938,6.21690821647644,2024-04-01 18:23:25.542084
1702,4.5019026,366.64944,699.5218,748.76355,22.851562,29.6875,44.335938,6.326572418212891,2024-04-01 18:23:31.869011
1703,4.5019026,366.64944,699.7169,749.3361,22.851562,29.6875,44.335938,6.27781081199646,2024-04-01 18:23:38.147352
1704,4.5019026,366.64944,699.72424,749.3361,22.851562,29.6875,44.335938,6.31235408782959,2024-04-01 18:23:44.460197
1705,4.5019026,366.64944,699.72424,749.35876,22.851562,29.6875,44.335938,6.35625433921814,2024-04-01 18:23:50.816930
1706,4.5019026,366.64944,699.72424,749.35876,22.851562,29.6875,44.335938,6.24567437171936,2024-04-01 18:23:57.063191
1707,4.5019026,366.64944,699.80273,750.5397,22.851562,29.6875,44.335938,6.397149562835693,2024-04-01 18:24:03.460681
1708,4.5019026,366.64944,699.80273,750.56415,22.851562,29.6875,44.433594,6.234653472900391,2024-04-01 18:24:09.695722
1709,4.5019026,366.64944,699.9055,750.56415,22.851562,29.6875,44.433594,6.325375080108643,2024-04-01 18:24:16.021448
1710,4.5019026,366.9629,699.9055,750.56415,22.851562,29.6875,44.433594,6.344316005706787,2024-04-01 18:24:22.366162
1711,4.5019026,366.9629,700.031,750.69385,22.851562,29.6875,44.433594,6.273479700088501,2024-04-01 18:24:28.640124
1712,4.5019026,366.9629,700.031,750.69385,22.851562,29.6875,44.433594,6.261577844619751,2024-04-01 18:24:34.902050
1713,4.5019026,367.08685,700.031,750.69385,22.851562,29.6875,44.433594,6.117981433868408,2024-04-01 18:24:41.020444
1714,4.5019026,367.11218,700.03265,750.69385,22.851562,29.6875,44.433594,6.2153542041778564,2024-04-01 18:24:47.236243
1715,4.5019026,367.28928,700.03265,750.69385,22.851562,29.6875,44.433594,6.288098335266113,2024-04-01 18:24:53.524693
1716,4.5019026,367.28928,700.03265,751.19684,22.851562,29.6875,44.433594,6.250964879989624,2024-04-01 18:24:59.776123
1717,4.5019026,367.28928,700.2501,751.5582,22.851562,29.6875,44.433594,6.279972314834595,2024-04-01 18:25:06.056597
1718,4.5019026,367.28928,700.42957,751.5582,22.851562,29.6875,44.433594,6.386463403701782,2024-04-01 18:25:12.443464
1719,4.5019026,368.81888,700.42957,751.6953,22.851562,29.6875,44.433594,6.160369873046875,2024-04-01 18:25:18.604182
1720,4.5019026,368.81888,700.5577,752.5641,22.851562,29.6875,44.433594,6.442908763885498,2024-04-01 18:25:25.047592
1721,4.5019026,368.81888,700.89636,752.5641,22.851562,29.6875,44.433594,6.2798004150390625,2024-04-01 18:25:31.327735
1722,4.5019026,368.81888,701.0852,753.39636,22.851562,29.6875,44.433594,6.209356307983398,2024-04-01 18:25:37.537438
1723,4.5019026,368.81888,701.0852,753.39636,22.851562,29.6875,44.433594,6.219348907470703,2024-04-01 18:25:43.757340
1724,4.5019026,368.81888,701.0852,753.39636,22.851562,29.6875,44.433594,6.369616985321045,2024-04-01 18:25:50.127622
1725,4.5019026,368.81888,701.0852,753.39636,22.851562,29.6875,44.433594,6.264134645462036,2024-04-01 18:25:56.392098
1726,4.5019026,368.81888,701.49133,753.39636,22.851562,29.6875,44.433594,6.338352918624878,2024-04-01 18:26:02.730798
1727,4.5019026,368.95386,701.6572,753.39636,22.851562,29.6875,44.433594,6.273727893829346,2024-04-01 18:26:09.004874
1728,4.5019026,368.95386,701.6572,753.39636,22.851562,29.6875,44.433594,6.223242998123169,2024-04-01 18:26:15.228495
1729,4.5019026,368.95386,701.6572,753.5099,22.851562,29.6875,44.433594,6.251150846481323,2024-04-01 18:26:21.480035
1730,4.5019026,368.95386,701.8348,754.1563,22.851562,29.6875,44.433594,6.349292039871216,2024-04-01 18:26:27.829811
1731,4.5019026,368.95386,701.8348,754.1563,22.851562,29.6875,44.433594,6.513859033584595,2024-04-01 18:26:34.344224
1732,4.5019026,368.95386,701.86206,754.1563,22.851562,29.6875,44.433594,6.288541316986084,2024-04-01 18:26:40.633436
1733,4.5019026,368.95386,701.86206,754.1563,22.851562,29.6875,44.433594,6.2287373542785645,2024-04-01 18:26:46.862562
1734,4.5019026,369.08447,702.4081,754.1563,22.851562,29.6875,44.433594,6.26458477973938,2024-04-01 18:26:53.127737
1735,4.5019026,369.5949,703.1517,754.64594,22.851562,29.6875,44.433594,6.1342432498931885,2024-04-01 18:26:59.262327
1736,4.5019026,369.5949,703.37463,754.64594,22.851562,29.6875,44.433594,6.413981199264526,2024-04-01 18:27:05.676898
1737,4.5019026,369.5949,703.3861,754.725,22.851562,29.6875,44.433594,6.365657806396484,2024-04-01 18:27:12.043017
1738,4.5019026,369.5949,703.3861,754.725,22.851562,29.6875,44.433594,6.153061389923096,2024-04-01 18:27:18.196566
1739,4.5019026,369.5949,703.5142,756.02344,22.851562,29.6875,44.433594,6.247990846633911,2024-04-01 18:27:24.444962
1740,4.5019026,369.5949,704.0164,756.02344,22.851562,29.6875,44.433594,6.241033554077148,2024-04-01 18:27:30.686366
1741,4.5019026,369.5949,704.73535,756.02344,22.851562,29.6875,44.433594,6.1371471881866455,2024-04-01 18:27:36.823868
1742,4.5019026,369.5949,704.9889,756.02344,22.851562,29.6875,44.433594,6.2283713817596436,2024-04-01 18:27:43.052580
1743,4.5019026,370.04285,706.1011,757.1892,22.851562,29.6875,44.433594,6.311144828796387,2024-04-01 18:27:49.364138
1744,4.5019026,370.04285,706.1011,757.1892,22.851562,29.6875,44.433594,6.360002517700195,2024-04-01 18:27:55.724486
1745,4.5019026,370.27524,706.1011,757.1892,22.851562,29.6875,44.433594,6.39991021156311,2024-04-01 18:28:02.124951
1746,4.5019026,370.27524,706.26056,757.3257,22.851562,29.6875,44.433594,6.273342132568359,2024-04-01 18:28:08.398674
1747,4.5019026,370.27524,706.38403,757.292,22.851562,29.6875,44.53125,6.2197675704956055,2024-04-01 18:28:14.618871
1748,4.5019026,370.27524,706.95435,757.292,22.851562,29.6875,44.53125,6.355483770370483,2024-04-01 18:28:20.974842
1749,4.5019026,370.27524,706.95435,757.292,22.851562,29.6875,44.53125,6.221059799194336,2024-04-01 18:28:27.196464
1750,4.5019026,370.27524,706.95435,757.292,22.851562,29.6875,44.53125,6.278929710388184,2024-04-01 18:28:33.475793
1751,4.5019026,370.27524,707.39795,757.34546,22.851562,29.6875,44.53125,6.31640100479126,2024-04-01 18:28:39.792541
1752,4.5019026,370.27524,707.39795,756.9922,22.851562,29.6875,44.628906,6.3068952560424805,2024-04-01 18:28:46.099887
1753,4.5019026,370.27524,707.39795,756.9922,22.851562,29.6875,44.628906,6.210546970367432,2024-04-01 18:28:52.310780
1754,4.5019026,370.27524,707.39795,756.9922,22.851562,29.6875,44.628906,6.285275459289551,2024-04-01 18:28:58.596399
1755,4.5019026,371.14166,707.39795,756.9922,22.851562,29.6875,44.628906,6.3350889682769775,2024-04-01 18:29:04.931896
1756,4.5019026,371.14166,707.7907,756.9922,22.851562,29.6875,44.628906,6.3076066970825195,2024-04-01 18:29:11.239855
1757,4.5019026,371.14166,708.5294,756.9922,22.851562,29.6875,44.628906,6.304818391799927,2024-04-01 18:29:17.545035
1758,4.5019026,371.14166,708.94226,757.4158,22.851562,29.6875,44.628906,6.293314218521118,2024-04-01 18:29:23.838736
1759,4.5019026,371.14166,709.0205,757.4158,22.851562,29.6875,44.628906,6.291118621826172,2024-04-01 18:29:30.130196
1760,4.5019026,371.14166,709.0205,757.4158,22.851562,29.6875,44.628906,6.350800275802612,2024-04-01 18:29:36.481364
1761,4.5019026,371.6349,709.12695,757.4158,22.851562,29.6875,44.628906,6.192805767059326,2024-04-01 18:29:42.674543
1762,4.5019026,371.6349,709.36426,757.4158,22.851562,29.6875,44.628906,6.1869001388549805,2024-04-01 18:29:48.861794
1763,4.5019026,371.6349,709.405,757.4158,22.851562,29.6875,44.628906,6.302033424377441,2024-04-01 18:29:55.164364
1764,4.5019026,371.82123,709.48883,757.48193,22.851562,29.6875,44.628906,6.174299955368042,2024-04-01 18:30:01.339042
1765,4.5019026,371.82123,709.48883,757.48193,22.851562,29.6875,44.628906,6.436481952667236,2024-04-01 18:30:07.775862
1766,4.5019026,371.82123,709.48883,757.48193,22.851562,29.6875,44.628906,6.3985817432403564,2024-04-01 18:30:14.174840
1767,4.5019026,371.82123,709.50085,757.87054,22.851562,29.6875,44.628906,6.217647314071655,2024-04-01 18:30:20.392905
1768,4.5019026,371.82123,709.52246,757.87054,22.851562,29.6875,44.628906,6.258937835693359,2024-04-01 18:30:26.652399
1769,4.5019026,371.82123,709.8352,757.87054,22.851562,29.6875,44.628906,6.199434280395508,2024-04-01 18:30:32.852214
1770,4.5019026,371.82123,709.8352,757.87054,22.851562,29.6875,44.628906,6.265320777893066,2024-04-01 18:30:39.117874
1771,4.5019026,371.82123,709.8352,758.0282,22.851562,29.6875,44.628906,6.309400796890259,2024-04-01 18:30:45.427629
1772,4.5019026,371.82123,710.1682,758.0282,22.851562,29.6875,44.628906,6.248804330825806,2024-04-01 18:30:51.676765
1773,4.5019026,371.82123,710.27466,758.0282,22.851562,29.6875,44.628906,6.415161848068237,2024-04-01 18:30:58.092310
1774,4.5019026,371.82123,710.4868,758.22766,22.851562,29.6875,44.628906,6.243273019790649,2024-04-01 18:31:04.335962
1775,4.5019026,371.82123,710.4868,758.7934,22.851562,29.6875,44.628906,6.383936405181885,2024-04-01 18:31:10.720243
1776,4.5019026,371.94196,710.7505,758.7934,22.851562,29.6875,44.628906,6.263315200805664,2024-04-01 18:31:16.983961
1777,4.5019026,373.57507,710.83044,758.7934,22.949219,29.6875,44.628906,6.34400200843811,2024-04-01 18:31:23.328312
1778,4.5019026,373.57507,710.9404,758.7934,22.949219,29.6875,44.628906,6.293586730957031,2024-04-01 18:31:29.622285
1779,4.5019026,373.57507,710.9404,759.05634,22.949219,29.6875,44.628906,6.257209062576294,2024-04-01 18:31:35.879837
1780,4.5019026,373.57507,711.0243,759.05634,22.949219,29.6875,44.628906,6.0890583992004395,2024-04-01 18:31:41.969297
1781,4.5019026,373.57507,711.0243,759.05634,22.949219,29.6875,44.628906,6.33001708984375,2024-04-01 18:31:48.299758
1782,4.5019026,373.57507,711.0243,759.05634,22.949219,29.6875,44.628906,6.244357585906982,2024-04-01 18:31:54.544457
1783,4.5019026,373.57507,711.2324,760.2611,22.949219,29.6875,44.628906,6.401511192321777,2024-04-01 18:32:00.946361
1784,4.5019026,373.57507,711.2324,760.2611,22.949219,29.6875,44.628906,6.280266761779785,2024-04-01 18:32:07.227092
1785,4.5019026,373.57507,711.3916,760.5283,22.949219,29.6875,44.628906,6.3148345947265625,2024-04-01 18:32:13.542268
1786,4.5019026,373.57507,711.3916,760.5283,22.949219,29.6875,44.628906,6.340181350708008,2024-04-01 18:32:19.882962
1787,4.5019026,373.57507,711.57166,760.7085,22.949219,29.6875,44.628906,6.183465957641602,2024-04-01 18:32:26.066809
1788,4.5019026,373.57507,711.60876,760.7085,22.949219,29.6875,44.628906,6.256901264190674,2024-04-01 18:32:32.324138
1789,4.5019026,373.57507,711.82806,760.7085,22.949219,29.6875,44.628906,6.336031675338745,2024-04-01 18:32:38.660514
1790,4.5019026,373.85138,711.8704,760.95667,22.949219,29.6875,44.628906,6.3952131271362305,2024-04-01 18:32:45.056129
1791,4.5019026,374.18875,712.02655,760.95667,22.949219,29.6875,44.628906,6.291390657424927,2024-04-01 18:32:51.348363
1792,4.5019026,374.18875,712.02655,760.95667,22.949219,29.6875,44.628906,6.209871768951416,2024-04-01 18:32:57.558625
1793,4.5019026,374.18875,712.079,760.95667,22.949219,29.6875,44.628906,6.306366920471191,2024-04-01 18:33:03.865421
1794,4.5019026,374.18875,712.079,760.95667,22.949219,29.6875,44.628906,6.214329957962036,2024-04-01 18:33:10.080145
1795,4.5019026,374.18875,712.22437,761.5669,22.949219,29.6875,44.628906,6.306656360626221,2024-04-01 18:33:16.387195
1796,4.5019026,374.18875,712.22437,761.8629,22.949219,29.6875,44.628906,6.221618413925171,2024-04-01 18:33:22.609268
1797,4.5019026,374.18875,712.3661,762.0148,22.949219,29.6875,44.628906,6.282177925109863,2024-04-01 18:33:28.892024
1798,4.5019026,374.18875,712.6227,762.0148,22.949219,29.6875,44.628906,6.219976425170898,2024-04-01 18:33:35.112341
1799,4.5019026,374.18875,713.03644,762.0148,22.949219,29.6875,44.628906,6.392009019851685,2024-04-01 18:33:41.504732
1800,4.5019026,374.18875,713.03644,762.0148,22.949219,29.6875,44.628906,6.276760101318359,2024-04-01 18:33:47.781868
1801,4.5019026,374.18875,713.03644,762.0148,22.949219,29.6875,44.628906,6.341881275177002,2024-04-01 18:33:54.124186
1802,4.5019026,374.18875,713.09985,762.0782,22.949219,29.6875,44.628906,6.297410011291504,2024-04-01 18:34:00.422096
1803,4.5019026,374.18875,713.09985,762.0782,22.949219,29.6875,44.628906,6.321958065032959,2024-04-01 18:34:06.744532
1804,4.5019026,374.18875,713.09985,762.0782,22.949219,29.6875,44.628906,6.379502058029175,2024-04-01 18:34:13.124447
1805,4.5019026,374.18875,713.09985,762.0782,22.949219,29.6875,44.628906,6.454750061035156,2024-04-01 18:34:19.579618
1806,4.5019026,375.62152,713.2418,762.3331,22.949219,29.6875,44.628906,6.1595330238342285,2024-04-01 18:34:25.739500
1807,4.5019026,375.78482,713.30286,763.02,22.949219,29.6875,44.628906,6.184630870819092,2024-04-01 18:34:31.924471
1808,4.5019026,375.78482,714.4695,763.05774,22.949219,29.6875,44.628906,6.288372993469238,2024-04-01 18:34:38.213287
1809,4.5019026,375.78482,714.4867,763.1279,22.949219,29.6875,44.628906,6.255146503448486,2024-04-01 18:34:44.469117
1810,4.5019026,375.78482,714.4867,763.1279,22.949219,29.6875,44.628906,6.209021329879761,2024-04-01 18:34:50.678527
1811,4.5019026,375.9173,714.5896,763.2799,22.949219,29.6875,44.628906,6.358041524887085,2024-04-01 18:34:57.036916
1812,4.5019026,375.9173,714.5896,763.2799,22.949219,29.6875,44.628906,6.230982780456543,2024-04-01 18:35:03.268304
1813,4.5019026,375.9173,714.6107,763.2799,22.949219,29.6875,44.628906,6.235029458999634,2024-04-01 18:35:09.503794
1814,4.5019026,375.9173,714.6107,763.2799,22.949219,29.6875,44.628906,6.255698204040527,2024-04-01 18:35:15.759911
1815,4.5019026,375.9173,714.6107,763.2799,22.949219,29.6875,44.628906,6.360224485397339,2024-04-01 18:35:22.120478
1816,4.5019026,375.9173,714.7199,763.2799,22.949219,29.6875,44.628906,6.359116792678833,2024-04-01 18:35:28.480043
1817,4.5019026,375.9173,715.22375,763.2799,22.949219,29.6875,44.628906,6.295002698898315,2024-04-01 18:35:34.775384
1818,4.5019026,376.12677,715.28845,763.2799,22.949219,29.6875,44.628906,6.235553026199341,2024-04-01 18:35:41.011455
1819,4.5019026,376.26508,715.6742,763.62054,22.949219,29.6875,44.628906,6.23398756980896,2024-04-01 18:35:47.245834
1820,4.5019026,376.48645,715.6742,763.62054,22.949219,29.6875,44.628906,6.233014822006226,2024-04-01 18:35:53.479369
1821,4.5019026,376.7822,715.74963,763.80835,22.949219,29.6875,44.628906,6.204237222671509,2024-04-01 18:35:59.683949
1822,4.5019026,376.7822,715.74963,763.80835,22.949219,29.6875,44.628906,6.235222101211548,2024-04-01 18:36:05.919514
1823,4.5019026,377.02576,715.7604,763.80835,22.949219,29.6875,44.628906,6.228679895401001,2024-04-01 18:36:12.148549
1824,4.5019026,377.02576,715.77356,763.80835,22.949219,29.6875,44.628906,6.335125207901001,2024-04-01 18:36:18.484165
1825,4.5019026,377.98218,716.51483,763.80835,22.949219,29.6875,44.628906,6.220401287078857,2024-04-01 18:36:24.704913
1826,4.5019026,377.98218,716.8568,763.917,22.949219,29.6875,44.628906,6.023427248001099,2024-04-01 18:36:30.728723
1827,4.5019026,377.98218,716.884,763.917,22.949219,29.6875,44.628906,6.180545091629028,2024-04-01 18:36:36.909649
1828,4.5019026,378.0182,717.1788,764.125,22.949219,29.6875,44.628906,6.197976112365723,2024-04-01 18:36:43.107992
1829,4.5019026,378.0182,717.3211,764.125,22.949219,29.6875,44.628906,6.347173690795898,2024-04-01 18:36:49.455648
1830,4.5019026,378.0182,717.9724,764.125,22.949219,29.6875,44.628906,6.36696195602417,2024-04-01 18:36:55.822951
1831,4.5019026,378.0182,718.35535,764.125,22.949219,29.6875,44.628906,6.366605281829834,2024-04-01 18:37:02.189900
1832,4.5019026,378.0182,718.35535,764.68884,22.949219,29.6875,44.628906,6.334933280944824,2024-04-01 18:37:08.525307
1833,4.5019026,378.0182,718.5842,764.73315,22.949219,29.6875,44.628906,6.244540452957153,2024-04-01 18:37:14.770250
1834,4.5019026,378.0182,718.5842,764.73315,22.949219,29.6875,44.628906,6.457005023956299,2024-04-01 18:37:21.227598
1835,4.5019026,378.0182,718.5842,764.73315,22.949219,29.6875,44.628906,6.163209676742554,2024-04-01 18:37:27.391165
1836,4.5019026,378.0182,718.8049,765.12976,22.949219,29.6875,44.628906,6.268289566040039,2024-04-01 18:37:33.659813
1837,4.5019026,378.0968,718.8049,765.12976,22.949219,29.6875,44.628906,6.267216920852661,2024-04-01 18:37:39.927376
1838,4.5019026,378.0968,718.8049,765.12976,22.949219,29.6875,44.628906,6.239877462387085,2024-04-01 18:37:46.167772
1839,4.5019026,378.09857,718.8049,765.2638,22.949219,29.6875,44.628906,6.236096382141113,2024-04-01 18:37:52.404211
1840,4.5019026,378.09857,719.0178,765.3816,22.949219,29.6875,44.628906,6.317978143692017,2024-04-01 18:37:58.722529
1841,4.5019026,378.09857,719.0178,765.85754,22.949219,29.6875,44.628906,6.355546474456787,2024-04-01 18:38:05.078445
1842,4.5019026,378.09857,719.0178,765.9521,22.949219,29.6875,44.726562,6.246203184127808,2024-04-01 18:38:11.324997
1843,4.5019026,378.9522,719.0178,765.9521,22.949219,29.6875,44.726562,6.289128065109253,2024-04-01 18:38:17.614495
1844,4.5019026,378.9522,719.0178,765.9521,22.949219,29.6875,44.726562,6.276892185211182,2024-04-01 18:38:23.891831
1845,4.5019026,378.9522,719.0178,766.14197,22.949219,29.6875,44.726562,6.131617546081543,2024-04-01 18:38:30.023796
1846,4.5019026,378.9522,719.2197,766.1974,22.949219,29.6875,44.726562,6.278999328613281,2024-04-01 18:38:36.303140
1847,4.5019026,378.9522,719.2197,766.1974,22.949219,29.6875,44.726562,6.221230745315552,2024-04-01 18:38:42.524862
1848,4.5019026,378.9688,719.3938,766.1974,22.949219,29.6875,44.726562,6.435805559158325,2024-04-01 18:38:48.961050
1849,4.5019026,378.9688,719.3938,766.1974,22.949219,29.6875,44.726562,6.182296514511108,2024-04-01 18:38:55.143777
1850,4.5019026,378.9688,719.86365,766.1974,22.949219,29.6875,44.726562,6.3112523555755615,2024-04-01 18:39:01.455380
1851,4.5019026,378.9688,720.07935,766.3479,22.949219,29.6875,44.726562,6.18846321105957,2024-04-01 18:39:07.644435
1852,4.5019026,378.9688,720.26154,766.3479,22.949219,29.6875,44.726562,6.227078676223755,2024-04-01 18:39:13.871914
1853,4.5019026,378.9688,720.6753,766.3479,22.949219,29.6875,44.726562,6.274016380310059,2024-04-01 18:39:20.146278
1854,4.5019026,378.9688,721.1139,767.1293,22.949219,29.6875,44.726562,6.219853401184082,2024-04-01 18:39:26.366517
1855,4.5019026,379.21088,721.1221,767.1293,22.949219,29.6875,44.726562,6.340271234512329,2024-04-01 18:39:32.707175
1856,4.5019026,379.21088,721.1282,767.1293,22.949219,29.6875,44.726562,6.221079349517822,2024-04-01 18:39:38.928597
1857,4.5019026,379.21088,721.2062,767.1293,22.949219,29.6875,44.726562,6.3850977420806885,2024-04-01 18:39:45.314243
1858,4.5019026,379.30676,721.2062,767.2261,22.949219,29.6875,44.726562,6.195629119873047,2024-04-01 18:39:51.510334
1859,4.5019026,379.30676,721.48364,767.43677,22.949219,29.6875,44.726562,6.333543539047241,2024-04-01 18:39:57.844256
1860,4.5019026,380.15283,722.4313,767.8093,22.949219,29.6875,44.726562,6.4000325202941895,2024-04-01 18:40:04.244645
1861,4.5019026,380.15283,722.4313,767.8093,22.949219,29.6875,44.726562,6.423063039779663,2024-04-01 18:40:10.668091
1862,4.5019026,380.15283,722.4313,767.8093,22.949219,29.6875,44.726562,6.3288586139678955,2024-04-01 18:40:16.997291
1863,4.5019026,380.15283,722.4313,767.8093,22.949219,29.6875,44.726562,6.252683877944946,2024-04-01 18:40:23.250414
1864,4.5019026,380.15283,722.4768,767.9885,22.949219,29.6875,44.726562,6.366143226623535,2024-04-01 18:40:29.616948
1865,4.5019026,380.54813,722.4768,768.631,22.949219,29.6875,44.726562,6.234225034713745,2024-04-01 18:40:35.851658
1866,4.5019026,380.54813,722.5182,769.2146,22.949219,29.6875,44.726562,6.283578157424927,2024-04-01 18:40:42.135575
1867,4.5019026,380.54813,722.5182,769.2146,22.949219,29.6875,44.726562,6.233886003494263,2024-04-01 18:40:48.369807
1868,4.5019026,380.54813,722.55804,769.2146,22.949219,29.6875,44.726562,6.285265922546387,2024-04-01 18:40:54.655604
1869,4.5019026,380.54813,723.0441,769.70825,22.949219,29.6875,44.726562,6.29509973526001,2024-04-01 18:41:00.951042
1870,4.5019026,380.54813,723.0852,769.70825,22.949219,29.6875,44.726562,6.248682260513306,2024-04-01 18:41:07.200110
1871,4.5019026,380.8684,723.2374,769.97595,22.949219,29.6875,44.726562,6.499965190887451,2024-04-01 18:41:13.700417
1872,4.5019026,380.8684,723.6576,769.97595,22.949219,29.6875,44.726562,6.309938907623291,2024-04-01 18:41:20.010744
1873,4.5019026,380.8684,723.6576,769.97595,22.949219,29.6875,44.726562,6.280254364013672,2024-04-01 18:41:26.291341
1874,4.5019026,381.3933,723.6576,769.97595,22.949219,29.6875,44.726562,6.320235252380371,2024-04-01 18:41:32.611917
1875,4.5019026,381.3933,723.6576,770.28845,22.949219,29.6875,44.726562,6.2965521812438965,2024-04-01 18:41:38.908809
1876,4.5019026,382.4673,723.8883,770.777,22.949219,29.6875,44.726562,6.543259382247925,2024-04-01 18:41:45.452459
1877,4.5019026,382.82562,724.4364,770.777,22.949219,29.6875,44.726562,6.350227117538452,2024-04-01 18:41:51.803310
1878,4.5019026,382.82562,724.4481,771.1312,22.949219,29.6875,44.726562,6.384214878082275,2024-04-01 18:41:58.188013
1879,4.5019026,382.82562,725.1293,771.4256,22.949219,29.6875,44.726562,6.227268934249878,2024-04-01 18:42:04.415620
1880,4.5019026,382.82562,725.1293,771.4256,22.949219,29.6875,44.726562,6.3369646072387695,2024-04-01 18:42:10.752941
1881,4.5019026,382.82562,725.3796,771.4256,22.949219,29.6875,44.726562,6.335312843322754,2024-04-01 18:42:17.088914
1882,4.5019026,382.82562,725.8469,771.4256,22.949219,29.6875,44.726562,6.095169544219971,2024-04-01 18:42:23.184461
1883,4.5019026,382.82562,725.8469,772.7613,22.949219,29.6875,44.726562,6.519593000411987,2024-04-01 18:42:29.704456
1884,4.5019026,382.82562,725.8469,772.7613,22.949219,29.6875,44.726562,6.2991557121276855,2024-04-01 18:42:36.004127
1885,4.5019026,383.0494,725.8469,772.83325,22.949219,29.6875,44.726562,6.295719623565674,2024-04-01 18:42:42.300232
1886,4.5019026,383.0494,725.9364,772.83325,22.949219,29.6875,44.726562,6.29772686958313,2024-04-01 18:42:48.598525
1887,4.5019026,383.18228,726.74854,772.83325,22.949219,29.6875,44.726562,6.2407002449035645,2024-04-01 18:42:54.839789
1888,4.5019026,383.18228,726.74854,773.91785,22.949219,29.6875,44.726562,6.309000253677368,2024-04-01 18:43:01.149152
1889,4.5019026,383.18228,726.7658,773.91785,22.949219,29.6875,44.726562,6.212780237197876,2024-04-01 18:43:07.362314
1890,4.5019026,383.5303,727.18414,773.91785,22.949219,29.6875,44.726562,6.185510158538818,2024-04-01 18:43:13.548340
1891,4.5019026,383.80402,727.86945,773.91785,22.949219,29.6875,44.726562,6.40471625328064,2024-04-01 18:43:19.953432
1892,4.5019026,383.80402,727.86945,773.91785,22.949219,29.6875,44.726562,6.277395963668823,2024-04-01 18:43:26.231210
1893,4.5019026,383.80402,727.88446,773.91785,22.949219,29.6875,44.726562,6.278739929199219,2024-04-01 18:43:32.510515
1894,4.5019026,383.80402,728.91315,774.51025,22.949219,29.6875,44.726562,6.3623387813568115,2024-04-01 18:43:38.873346
1895,4.5019026,383.95038,728.91315,774.51025,22.949219,29.6875,44.726562,6.2582619190216064,2024-04-01 18:43:45.132063
1896,4.5019026,383.95038,728.91315,774.51025,22.949219,29.6875,44.726562,6.279343366622925,2024-04-01 18:43:51.411780
1897,4.5019026,383.95038,729.26355,777.2411,22.949219,29.6875,44.82422,6.17219877243042,2024-04-01 18:43:57.584612
1898,4.5019026,383.95038,729.26355,777.49585,22.949219,29.6875,44.82422,6.1657490730285645,2024-04-01 18:44:03.750762
1899,4.5019026,383.95038,729.3822,777.5006,22.949219,29.6875,44.82422,6.280266284942627,2024-04-01 18:44:10.031454
1900,4.5019026,384.12476,730.3578,777.55615,22.949219,29.6875,44.82422,6.26630425453186,2024-04-01 18:44:16.298100
1901,4.5019026,384.63367,730.58655,777.55615,22.949219,29.6875,44.82422,6.233318328857422,2024-04-01 18:44:22.531758
1902,4.5019026,384.74924,730.7223,780.5444,22.949219,29.6875,44.82422,6.138778924942017,2024-04-01 18:44:28.670882
1903,4.5019026,385.13916,730.7223,780.8519,22.949219,29.6875,44.82422,6.362329721450806,2024-04-01 18:44:35.033558
1904,4.5019026,385.13916,730.8077,780.8519,22.949219,29.6875,44.82422,6.228266716003418,2024-04-01 18:44:41.262221
1905,4.5019026,385.13916,731.3854,780.8519,22.949219,29.6875,44.82422,6.401474714279175,2024-04-01 18:44:47.664129
1906,4.5019026,385.13916,732.0487,781.7582,22.949219,29.6875,44.82422,6.338374376296997,2024-04-01 18:44:54.003048
1907,4.5019026,385.24536,733.4254,781.7582,22.949219,29.6875,44.82422,6.433075666427612,2024-04-01 18:45:00.436467
1908,4.5019026,385.7022,733.4254,781.7582,22.949219,29.6875,44.82422,6.259195804595947,2024-04-01 18:45:06.696148
1909,4.5019026,385.77914,733.8987,781.7792,22.949219,29.6875,44.82422,6.3172667026519775,2024-04-01 18:45:13.013765
1910,4.5019026,385.77914,733.8987,781.7792,22.949219,29.6875,44.82422,6.32210111618042,2024-04-01 18:45:19.336225
1911,4.5019026,385.77914,734.91797,781.8862,22.949219,29.6875,44.82422,6.2926695346832275,2024-04-01 18:45:25.629393
1912,4.5019026,385.77914,735.37683,781.90344,22.949219,29.6875,44.82422,6.249544143676758,2024-04-01 18:45:31.879469
1913,4.5019026,385.77914,735.37683,781.90344,22.949219,29.6875,44.82422,6.242974519729614,2024-04-01 18:45:38.123010
1914,4.5019026,385.77914,735.9269,782.0553,22.949219,29.6875,44.82422,6.228477954864502,2024-04-01 18:45:44.351837
1915,4.5019026,385.77914,736.611,782.80865,22.949219,29.6875,44.82422,6.255239963531494,2024-04-01 18:45:50.607415
1916,4.5019026,385.77914,736.63293,783.4179,22.949219,29.6875,44.82422,6.179399490356445,2024-04-01 18:45:56.787153
1917,4.5019026,385.77914,736.63293,783.8645,22.949219,29.6875,44.82422,6.241299867630005,2024-04-01 18:46:03.028865
1918,4.5019026,385.77914,736.9281,783.8645,22.949219,29.6875,44.82422,6.224246978759766,2024-04-01 18:46:09.253498
1919,4.5019026,385.81247,737.1904,784.8576,22.949219,29.6875,44.82422,6.340015888214111,2024-04-01 18:46:15.594014
1920,4.5019026,385.81247,737.1904,784.8576,22.949219,29.6875,44.82422,6.272921323776245,2024-04-01 18:46:21.867477
1921,4.5019026,385.81247,737.1904,784.8576,22.949219,29.6875,44.82422,6.379947662353516,2024-04-01 18:46:28.247832
1922,4.5019026,385.81247,737.5067,784.8576,22.949219,29.6875,44.82422,6.280004978179932,2024-04-01 18:46:34.528182
1923,4.5019026,385.81247,737.612,784.8576,22.949219,29.6875,44.82422,6.197594165802002,2024-04-01 18:46:40.726126
1924,4.5019026,385.81247,737.612,784.90924,22.949219,29.6875,44.82422,6.301765203475952,2024-04-01 18:46:47.028362
1925,4.5019026,385.83554,737.6937,784.90924,22.949219,29.6875,44.82422,6.33004355430603,2024-04-01 18:46:53.358787
1926,4.5019026,385.83554,737.6937,785.8638,22.949219,29.6875,44.82422,6.2977659702301025,2024-04-01 18:46:59.656886
1927,4.5019026,385.83554,737.85986,785.8638,22.949219,29.6875,44.82422,6.223099708557129,2024-04-01 18:47:05.880364
1928,4.5019026,385.83554,737.85986,786.1152,22.949219,29.6875,44.82422,6.130141735076904,2024-04-01 18:47:12.010911
1929,4.5019026,385.83554,737.85986,786.48303,22.949219,29.6875,44.82422,6.299892902374268,2024-04-01 18:47:18.311197
1930,4.5019026,385.83554,738.33325,787.2294,22.949219,29.6875,44.82422,6.284011363983154,2024-04-01 18:47:24.595548
1931,4.5019026,385.83554,738.90234,787.2294,22.949219,29.6875,44.82422,6.252490758895874,2024-04-01 18:47:30.848418
1932,4.5019026,385.83554,738.9481,789.2899,22.949219,29.6875,44.82422,6.3788251876831055,2024-04-01 18:47:37.227706
1933,4.5019026,386.21255,739.1792,789.3585,22.949219,29.6875,44.82422,6.2999427318573,2024-04-01 18:47:43.528188
1934,4.5019026,386.71732,739.1954,789.3585,22.949219,29.6875,44.82422,6.262995481491089,2024-04-01 18:47:49.791611
1935,4.5019026,386.71732,739.1954,789.3585,22.949219,29.6875,44.82422,6.385990142822266,2024-04-01 18:47:56.177942
1936,4.5019026,387.3002,739.4354,790.1374,22.949219,29.6875,44.82422,6.246168851852417,2024-04-01 18:48:02.424549
1937,4.5019026,387.3002,739.77856,790.1681,22.949219,29.6875,44.82422,6.3938820362091064,2024-04-01 18:48:08.818834
1938,4.5019026,387.3002,739.77856,790.1681,22.949219,29.6875,44.82422,6.444164991378784,2024-04-01 18:48:15.263338
1939,4.5019026,387.4474,739.9592,790.25183,22.949219,29.6875,44.82422,6.245203495025635,2024-04-01 18:48:21.508883
1940,4.5019026,388.65125,740.2721,790.25183,22.949219,29.6875,44.82422,6.3906636238098145,2024-04-01 18:48:27.899926
1941,4.5019026,388.65125,740.2721,790.25183,22.949219,29.6875,44.82422,6.309357166290283,2024-04-01 18:48:34.209715
1942,4.5019026,388.70944,740.8182,791.5947,22.949219,29.6875,44.82422,6.234779596328735,2024-04-01 18:48:40.444994
1943,4.5019026,388.70944,740.8182,791.5947,22.949219,29.6875,44.82422,6.294007062911987,2024-04-01 18:48:46.739474
1944,4.5019026,388.70944,740.83984,791.5947,22.949219,29.6875,44.82422,6.307844400405884,2024-04-01 18:48:53.047660
1945,4.5019026,388.70944,740.83984,791.5947,22.949219,29.6875,44.82422,6.348683595657349,2024-04-01 18:48:59.396689
1946,4.5019026,388.70944,740.8465,792.3535,22.949219,29.6875,44.82422,6.259522438049316,2024-04-01 18:49:05.656602
1947,4.5019026,388.70944,740.85364,792.3535,22.949219,29.6875,44.82422,6.334404230117798,2024-04-01 18:49:11.991405
1948,4.5019026,388.70944,740.85364,792.7225,22.949219,29.6875,44.82422,6.298812627792358,2024-04-01 18:49:18.290565
1949,4.5019026,389.0478,741.26215,793.2678,22.949219,29.6875,44.82422,6.259871244430542,2024-04-01 18:49:24.551070
1950,4.5019026,389.0478,741.288,793.3698,22.949219,29.6875,44.921875,6.337086200714111,2024-04-01 18:49:30.888499
1951,4.5019026,389.0478,741.288,793.3698,22.949219,29.6875,44.921875,6.248590469360352,2024-04-01 18:49:37.137479
1952,4.5019026,389.0478,741.30817,793.4198,22.949219,29.6875,45.01953,6.30654764175415,2024-04-01 18:49:43.444511
1953,4.5019026,389.0478,741.36395,793.50946,22.949219,29.6875,45.117188,6.406684398651123,2024-04-01 18:49:49.851608
1954,4.5019026,389.0478,741.37866,793.50946,22.949219,29.6875,45.117188,6.24455189704895,2024-04-01 18:49:56.096500
1955,4.5019026,389.0478,741.5149,793.50946,22.949219,29.6875,45.117188,6.25837516784668,2024-04-01 18:50:02.355320
1956,4.5019026,389.0478,741.5644,793.50946,22.949219,29.6875,45.117188,6.216608285903931,2024-04-01 18:50:08.572418
1957,4.5019026,389.0478,741.98114,793.50946,22.949219,29.6875,45.117188,6.243544340133667,2024-04-01 18:50:14.816355
1958,4.5019026,389.35422,742.5861,794.574,22.949219,29.6875,45.117188,6.406675100326538,2024-04-01 18:50:21.223406
1959,4.5019026,389.35422,742.63574,794.574,22.949219,29.6875,45.117188,6.2155890464782715,2024-04-01 18:50:27.439348
1960,4.5019026,389.35422,742.63574,794.574,22.949219,29.6875,45.117188,6.287660360336304,2024-04-01 18:50:33.727361
1961,4.5019026,389.5264,743.937,794.574,22.949219,29.6875,45.117188,6.387661695480347,2024-04-01 18:50:40.115373
1962,4.5019026,389.5264,743.937,794.574,22.949219,29.6875,45.117188,6.298970937728882,2024-04-01 18:50:46.414683
1963,4.5019026,390.69135,743.987,796.3196,22.949219,29.6875,45.117188,6.2132086753845215,2024-04-01 18:50:52.628265
1964,4.5019026,391.41092,744.0047,797.13763,22.949219,29.6875,45.117188,6.364102363586426,2024-04-01 18:50:58.992895
1965,4.5019026,391.41092,744.76855,797.13763,22.949219,29.6875,45.117188,6.269156455993652,2024-04-01 18:51:05.262498
1966,4.5019026,391.41092,744.76855,797.13763,22.949219,29.6875,45.117188,6.260520696640015,2024-04-01 18:51:11.523582
1967,4.5019026,391.41092,744.76855,797.13763,22.949219,29.6875,45.117188,6.225709915161133,2024-04-01 18:51:17.749679
1968,4.5019026,391.41092,744.79535,797.13763,22.949219,29.6875,45.117188,6.361821174621582,2024-04-01 18:51:24.111884
1969,4.5019026,391.41092,744.80505,797.49646,22.949219,29.6875,45.117188,6.402534246444702,2024-04-01 18:51:30.514764
1970,4.5019026,391.41092,744.9674,797.52014,22.949219,29.6875,45.117188,6.492749214172363,2024-04-01 18:51:37.008056
1971,4.5019026,391.41092,745.3308,798.4166,22.949219,29.6875,45.117188,6.084394454956055,2024-04-01 18:51:43.092794
1972,4.5019026,391.41092,745.35974,798.4463,22.949219,29.6875,45.117188,6.3748390674591064,2024-04-01 18:51:49.468049
1973,4.5019026,391.41092,745.35974,798.46234,22.949219,29.6875,45.117188,6.286327362060547,2024-04-01 18:51:55.754726
1974,4.5019026,391.41092,745.7267,798.46234,22.949219,29.6875,45.117188,6.272649526596069,2024-04-01 18:52:02.027771
1975,4.5019026,391.41092,745.86,798.91974,22.949219,29.6875,45.117188,6.145679235458374,2024-04-01 18:52:08.173794
1976,4.5019026,391.41092,745.86,799.2357,22.949219,29.6875,45.117188,6.2665627002716064,2024-04-01 18:52:14.440731
1977,4.5019026,391.41092,746.3243,799.2357,22.949219,29.6875,45.117188,6.356393098831177,2024-04-01 18:52:20.797686
1978,4.5019026,391.41092,746.3524,799.2357,22.949219,29.6875,45.117188,6.2198967933654785,2024-04-01 18:52:27.018076
1979,4.5019026,391.79718,746.5036,799.2357,22.949219,29.6875,45.117188,6.293288469314575,2024-04-01 18:52:33.311746
1980,4.5019026,391.79718,746.89154,799.2357,22.949219,29.6875,45.117188,6.439667701721191,2024-04-01 18:52:39.751918
1981,4.5019026,391.79718,747.63434,799.2357,22.949219,29.6875,45.117188,6.333818674087524,2024-04-01 18:52:46.086088
1982,4.5019026,391.79718,747.72107,799.2357,22.949219,29.6875,45.117188,6.390837669372559,2024-04-01 18:52:52.477275
1983,4.5019026,391.79718,747.72107,799.74365,22.949219,29.6875,45.117188,6.2995851039886475,2024-04-01 18:52:58.777301
1984,4.5019026,391.79718,748.01807,799.74365,22.949219,29.6875,45.117188,6.230006217956543,2024-04-01 18:53:05.007834
1985,4.5019026,391.79718,748.01807,799.74365,22.949219,29.6875,45.117188,6.304900884628296,2024-04-01 18:53:11.313075
1986,4.5019026,391.79718,748.0972,799.74365,22.949219,29.6875,45.117188,6.275887727737427,2024-04-01 18:53:17.589459
1987,4.5019026,391.79718,748.1307,799.74365,22.949219,29.6875,45.117188,6.2847185134887695,2024-04-01 18:53:23.874592
1988,4.5019026,392.08032,749.593,799.9576,22.949219,29.6875,45.117188,6.30164098739624,2024-04-01 18:53:30.176642
1989,4.5019026,392.08032,749.92847,799.9576,22.949219,29.6875,45.117188,6.184915542602539,2024-04-01 18:53:36.361943
1990,4.5019026,392.09375,750.1081,801.12915,22.949219,29.6875,45.117188,6.306430101394653,2024-04-01 18:53:42.668785
1991,4.5019026,392.09375,750.1081,801.12915,22.949219,29.6875,45.117188,6.307433366775513,2024-04-01 18:53:48.976604
1992,4.5019026,392.09375,750.2838,801.12915,22.949219,29.6875,45.117188,6.222779989242554,2024-04-01 18:53:55.199917
1993,4.5019026,392.09375,750.4814,801.12915,22.949219,29.6875,45.117188,6.256289005279541,2024-04-01 18:54:01.456546
1994,4.5019026,392.09375,750.4814,801.12915,22.949219,29.6875,45.117188,6.2672505378723145,2024-04-01 18:54:07.724197
1995,4.5019026,392.09375,750.583,801.12915,22.949219,29.785156,45.117188,6.217747688293457,2024-04-01 18:54:13.942295
1996,4.5019026,392.2938,750.92993,801.4991,22.949219,29.785156,45.117188,6.160580396652222,2024-04-01 18:54:20.103355
1997,4.5019026,392.2938,750.92993,802.0343,22.949219,29.785156,45.117188,6.344555854797363,2024-04-01 18:54:26.448303
1998,4.5019026,393.16998,752.2659,802.5254,22.949219,29.785156,45.117188,6.360980749130249,2024-04-01 18:54:32.809640
1999,4.5019026,393.16998,752.4938,803.556,22.949219,29.785156,45.117188,6.362794637680054,2024-04-01 18:54:39.172813
2000,4.5019026,393.16998,752.4938,803.556,22.949219,29.785156,45.117188,6.270583629608154,2024-04-01 18:54:45.443778
2001,4.5019026,393.99066,753.55536,803.556,22.949219,29.785156,45.117188,6.206934213638306,2024-04-01 18:54:51.651057
2002,4.5019026,393.99066,753.55536,803.556,22.949219,29.785156,45.117188,6.284014701843262,2024-04-01 18:54:57.935578
2003,4.5019026,394.0196,753.55536,803.556,22.949219,29.785156,45.117188,6.291167736053467,2024-04-01 18:55:04.227100
2004,4.5019026,394.0196,753.6,803.5724,22.949219,29.785156,45.117188,6.312732458114624,2024-04-01 18:55:10.540288
2005,4.5019026,395.4328,753.7596,804.67194,22.949219,29.785156,45.117188,6.130464315414429,2024-04-01 18:55:16.671117
2006,4.5019026,395.4328,753.81055,804.67194,22.949219,29.785156,45.117188,6.279812812805176,2024-04-01 18:55:22.951265
2007,4.5019026,395.4328,754.5858,804.8859,22.949219,29.785156,45.117188,6.333073854446411,2024-04-01 18:55:29.284686
2008,4.5019026,395.4328,754.5858,805.66016,22.949219,29.785156,45.117188,6.194639205932617,2024-04-01 18:55:35.479713
2009,4.5019026,395.4328,754.5914,805.77527,22.949219,29.785156,45.117188,6.425657749176025,2024-04-01 18:55:41.905872
2010,4.5019026,395.49207,754.6214,805.77527,22.949219,29.785156,45.117188,6.327145338058472,2024-04-01 18:55:48.233410
2011,4.5019026,397.0185,755.1692,805.8722,22.949219,29.785156,45.117188,6.354325771331787,2024-04-01 18:55:54.588185
2012,4.5019026,397.0185,755.3176,805.8722,22.949219,29.785156,45.117188,6.3793721199035645,2024-04-01 18:56:00.967894
2013,4.5019026,397.4295,755.97534,805.8722,22.949219,29.785156,45.117188,6.253512382507324,2024-04-01 18:56:07.221755
2014,4.5019026,397.4295,755.97534,806.0841,22.949219,29.785156,45.117188,6.27813982963562,2024-04-01 18:56:13.500270
2015,4.5019026,397.4295,756.41113,806.5154,22.949219,29.785156,45.117188,6.310661792755127,2024-04-01 18:56:19.811286
2016,4.5019026,397.5227,756.4355,806.5154,22.949219,29.785156,45.117188,6.2505011558532715,2024-04-01 18:56:26.062185
2017,4.5019026,397.5421,756.6095,806.51697,22.949219,29.785156,45.117188,6.4443745613098145,2024-04-01 18:56:32.506916
2018,4.5019026,398.89554,756.6095,806.51697,22.949219,29.785156,45.117188,6.252470254898071,2024-04-01 18:56:38.759956
2019,4.5019026,398.89554,756.6444,806.6089,22.949219,29.785156,45.117188,6.355861663818359,2024-04-01 18:56:45.116156
2020,4.5019026,398.89554,756.66046,806.6089,22.949219,29.785156,45.117188,6.260690212249756,2024-04-01 18:56:51.377198
2021,4.5019026,398.89554,756.66046,806.6089,22.949219,29.785156,45.117188,6.427753925323486,2024-04-01 18:56:57.805385
2022,4.5019026,398.89554,756.66956,806.6089,22.949219,29.785156,45.117188,6.342362642288208,2024-04-01 18:57:04.148184
2023,4.5019026,398.89554,756.66956,806.6089,22.949219,29.785156,45.117188,6.12767767906189,2024-04-01 18:57:10.276215
2024,4.5019026,398.89554,757.0683,806.6089,22.949219,29.785156,45.117188,6.29396390914917,2024-04-01 18:57:16.570960
2025,4.5019026,398.89554,757.1333,804.2654,22.949219,29.785156,45.214844,6.192960500717163,2024-04-01 18:57:22.764266
2026,4.5019026,398.89554,757.1664,804.2654,22.949219,29.785156,45.214844,6.280811071395874,2024-04-01 18:57:29.045427
2027,4.5019026,398.89554,757.1664,804.2654,22.949219,29.785156,45.214844,6.433804750442505,2024-04-01 18:57:35.479809
2028,4.5019026,398.89554,757.3357,805.0969,22.949219,29.785156,45.214844,6.283952236175537,2024-04-01 18:57:41.764114
2029,4.5019026,399.2948,758.3809,805.0969,22.949219,29.785156,45.214844,6.274095296859741,2024-04-01 18:57:48.038715
2030,4.5019026,399.95288,758.3809,805.0969,22.949219,29.785156,45.214844,6.254906177520752,2024-04-01 18:57:54.293959
2031,4.5019026,399.95288,758.41846,805.24854,22.949219,29.785156,45.214844,6.305814981460571,2024-04-01 18:58:00.600106
2032,4.5019026,399.95288,758.474,805.4006,22.949219,29.785156,45.214844,6.339229345321655,2024-04-01 18:58:06.939684
2033,4.5019026,400.48016,759.11597,805.4728,22.949219,29.785156,45.214844,6.38342022895813,2024-04-01 18:58:13.323455
2034,4.5019026,400.67737,759.1165,805.4728,22.949219,29.785156,45.214844,6.351559638977051,2024-04-01 18:58:19.675508
2035,4.5019026,401.10126,759.18933,805.4728,22.949219,29.785156,45.214844,6.254831314086914,2024-04-01 18:58:25.930850
2036,4.5019026,401.10126,759.24866,806.3017,22.949219,29.785156,45.214844,6.465091705322266,2024-04-01 18:58:32.396389
2037,4.5019026,401.10126,759.24866,806.3017,22.949219,29.785156,45.214844,6.150980710983276,2024-04-01 18:58:38.547754
2038,4.5019026,401.14056,759.53125,806.3017,22.949219,29.785156,45.214844,6.227521657943726,2024-04-01 18:58:44.775618
2039,4.5019026,401.14056,760.01324,809.2075,22.949219,29.785156,45.3125,6.373915433883667,2024-04-01 18:58:51.149992
2040,4.5019026,401.14056,760.01324,809.2075,22.949219,29.785156,45.3125,6.22146201133728,2024-04-01 18:58:57.372003
2041,4.5019026,401.14056,760.01324,809.2075,22.949219,29.785156,45.3125,6.371126174926758,2024-04-01 18:59:03.743477
2042,4.5019026,401.94095,761.7845,809.52655,22.949219,29.785156,45.3125,6.399783134460449,2024-04-01 18:59:10.143601
2043,4.5019026,401.94095,761.7845,809.52655,22.949219,29.785156,45.3125,6.339107036590576,2024-04-01 18:59:16.483094
2044,4.5019026,401.94095,761.7946,809.52655,22.949219,29.785156,45.3125,6.22088623046875,2024-04-01 18:59:22.704367
2045,4.5019026,401.94095,761.928,809.7776,22.949219,29.785156,45.3125,6.23721718788147,2024-04-01 18:59:28.941965
2046,4.5019026,401.94095,762.1664,809.7881,22.949219,29.785156,45.3125,6.280444622039795,2024-04-01 18:59:35.222747
2047,4.5019026,401.94095,762.3606,809.7881,22.949219,29.785156,45.3125,6.400034666061401,2024-04-01 18:59:41.623243
2048,4.5019026,401.94095,762.3722,809.7881,22.949219,29.785156,45.3125,6.406095027923584,2024-04-01 18:59:48.029715
2049,4.5019026,402.23376,762.5274,809.8625,22.949219,29.785156,45.3125,6.20132040977478,2024-04-01 18:59:54.231414
2050,4.5019026,403.00668,762.8119,811.37604,22.949219,29.785156,45.3125,6.25877571105957,2024-04-01 19:00:00.490535
2051,4.5019026,403.00668,762.8119,811.37604,22.949219,29.785156,45.3125,6.247730255126953,2024-04-01 19:00:06.738612
2052,4.5019026,403.00668,763.07666,810.6894,22.949219,29.785156,45.410156,6.2187206745147705,2024-04-01 19:00:12.957674
2053,4.5019026,403.2515,763.4293,810.80054,22.949219,29.785156,45.410156,6.300393104553223,2024-04-01 19:00:19.258514
2054,4.5019026,403.2515,763.4293,810.80054,22.949219,29.785156,45.410156,6.226780414581299,2024-04-01 19:00:25.485740
2055,4.5019026,403.2515,763.4608,807.7556,22.949219,29.785156,45.507812,6.4750776290893555,2024-04-01 19:00:31.961365
2056,4.5019026,403.28012,763.4773,807.7556,22.949219,29.785156,45.507812,6.268561840057373,2024-04-01 19:00:38.230422
2057,4.5019026,403.28012,763.4773,807.7556,22.949219,29.785156,45.507812,6.434056520462036,2024-04-01 19:00:44.665041
2058,4.5019026,403.28012,764.7392,807.7556,22.949219,29.785156,45.507812,6.340830564498901,2024-04-01 19:00:51.006396
2059,4.5019026,403.46664,765.19476,807.7556,22.949219,29.785156,45.507812,6.18089485168457,2024-04-01 19:00:57.187635
2060,4.5019026,403.46664,765.1972,807.7556,22.949219,29.785156,45.507812,6.2239415645599365,2024-04-01 19:01:03.411937
2061,4.5019026,403.46664,765.1972,807.7556,22.949219,29.785156,45.507812,6.319055557250977,2024-04-01 19:01:09.731333
2062,4.5019026,403.46664,765.4437,807.7556,22.949219,29.785156,45.507812,6.3281848430633545,2024-04-01 19:01:16.059862
2063,4.5019026,403.46664,765.5188,807.7556,22.949219,29.785156,45.507812,6.190613508224487,2024-04-01 19:01:22.250882
2064,4.5019026,403.56854,765.8801,807.7556,22.949219,29.785156,45.507812,6.228434085845947,2024-04-01 19:01:28.479688
2065,4.5019026,403.56854,765.97034,808.3364,22.949219,29.785156,45.507812,6.318436622619629,2024-04-01 19:01:34.798467
2066,4.5019026,403.6315,766.04443,808.3364,22.949219,29.785156,45.507812,6.312039136886597,2024-04-01 19:01:41.110853
2067,4.5019026,403.6315,766.2263,808.3364,22.949219,29.785156,45.507812,6.176659107208252,2024-04-01 19:01:47.288000
2068,4.5019026,403.65808,767.3839,809.4591,22.949219,29.785156,45.507812,6.225033521652222,2024-04-01 19:01:53.513439
2069,4.5019026,403.65808,767.746,809.4591,22.949219,29.785156,45.507812,6.3806445598602295,2024-04-01 19:01:59.894494
2070,4.5019026,403.82758,767.83826,809.4591,22.949219,29.785156,45.507812,6.239159107208252,2024-04-01 19:02:06.134190
2071,4.5019026,403.82758,768.09644,809.6068,22.949219,29.785156,45.507812,6.2127416133880615,2024-04-01 19:02:12.347287
2072,4.5019026,405.0716,768.09644,809.6068,22.949219,29.785156,45.507812,6.244228363037109,2024-04-01 19:02:18.591862
2073,4.5019026,404.98956,768.09644,809.6068,23.046875,29.785156,45.507812,6.285710096359253,2024-04-01 19:02:24.877926
2074,4.5019026,405.70508,768.34216,810.14264,23.046875,29.785156,45.507812,6.436938762664795,2024-04-01 19:02:31.315252
2075,4.5019026,406.41602,768.79517,810.14264,23.046875,29.785156,45.507812,6.297932386398315,2024-04-01 19:02:37.613649
2076,4.5019026,406.41602,769.0348,810.14264,23.046875,29.785156,45.507812,6.276126146316528,2024-04-01 19:02:43.890309
2077,4.5019026,406.41602,769.08276,810.14264,23.046875,29.785156,45.507812,6.323520183563232,2024-04-01 19:02:50.214372
2078,4.5019026,406.97632,769.51025,810.14264,23.046875,29.785156,45.507812,6.299211502075195,2024-04-01 19:02:56.514081
2079,4.5019026,406.97632,769.5731,810.14264,23.046875,29.785156,45.507812,6.347875356674194,2024-04-01 19:03:02.862409
2080,4.5019026,406.97632,769.7022,810.97186,23.046875,29.785156,45.507812,6.257099628448486,2024-04-01 19:03:09.119917
2081,4.5019026,406.97632,769.7202,810.97186,23.046875,29.785156,45.507812,6.34211540222168,2024-04-01 19:03:15.462384
2082,4.5019026,406.97632,769.8207,810.97186,23.046875,29.785156,45.507812,6.266460418701172,2024-04-01 19:03:21.729388
2083,4.5019026,407.3581,770.3252,810.97186,23.046875,29.785156,45.507812,6.192044258117676,2024-04-01 19:03:27.921955
2084,4.5019026,407.3581,770.36206,810.97186,23.046875,29.785156,45.507812,6.34551215171814,2024-04-01 19:03:34.268001
2085,4.5019026,408.89923,770.36206,812.8601,23.046875,29.785156,45.507812,6.411611557006836,2024-04-01 19:03:40.679958
2086,4.5019026,408.89923,771.164,812.8601,23.046875,29.785156,45.507812,6.164440155029297,2024-04-01 19:03:46.844826
2087,4.5019026,408.89923,771.5071,812.8861,23.046875,29.785156,45.507812,6.266145944595337,2024-04-01 19:03:53.111354
2088,4.5019026,408.89923,771.5071,812.8861,23.046875,29.785156,45.507812,6.279825925827026,2024-04-01 19:03:59.391522
2089,4.5019026,408.89923,771.5076,812.8861,23.046875,29.785156,45.507812,6.279614448547363,2024-04-01 19:04:05.671665
2090,4.5019026,408.89923,771.708,812.8861,23.046875,29.785156,45.507812,6.33340048789978,2024-04-01 19:04:12.005409
2091,4.5019026,408.89923,771.708,812.9178,23.046875,29.785156,45.507812,6.367945671081543,2024-04-01 19:04:18.373883
2092,4.5019026,408.89923,771.708,813.0543,23.046875,29.785156,45.507812,6.324547290802002,2024-04-01 19:04:24.698926
2093,4.5019026,408.89923,771.88153,813.0543,23.046875,29.785156,45.507812,6.297724723815918,2024-04-01 19:04:30.997191
2094,4.5019026,408.89923,771.8982,813.0543,23.046875,29.785156,45.507812,6.171882629394531,2024-04-01 19:04:37.169454
2095,4.5019026,408.89923,771.9346,813.0543,23.046875,29.785156,45.507812,6.2921319007873535,2024-04-01 19:04:43.461997
2096,4.5019026,408.89923,772.1821,813.0543,23.046875,29.785156,45.507812,6.302242279052734,2024-04-01 19:04:49.764732
2097,4.5019026,408.89923,772.1821,813.0543,23.046875,29.785156,45.507812,6.381087303161621,2024-04-01 19:04:56.146204
2098,4.5019026,408.89923,772.25085,813.0543,23.046875,29.785156,45.507812,6.212725877761841,2024-04-01 19:05:02.359274
2099,4.5019026,408.89923,772.25085,813.0543,23.046875,29.785156,45.507812,6.345225811004639,2024-04-01 19:05:08.704846
2100,4.5019026,408.89923,772.2754,813.0543,23.046875,29.785156,45.507812,6.253218412399292,2024-04-01 19:05:14.958452
2101,4.5019026,408.89923,772.2754,813.0543,23.046875,29.785156,45.507812,6.2702226638793945,2024-04-01 19:05:21.229026
2102,4.5019026,408.90063,772.2754,814.45044,23.046875,29.785156,45.507812,6.24200963973999,2024-04-01 19:05:27.471526
2103,4.5019026,409.33105,772.43787,814.45044,23.046875,29.785156,45.507812,6.312775135040283,2024-04-01 19:05:33.784822
2104,4.5019026,409.72003,772.9254,814.45044,23.046875,29.785156,45.507812,6.259291887283325,2024-04-01 19:05:40.044503
2105,4.5019026,409.72003,772.9254,814.45044,23.046875,29.785156,45.507812,6.223259687423706,2024-04-01 19:05:46.268164
2106,4.5019026,409.72003,772.9539,814.6178,23.046875,29.785156,45.507812,6.279208660125732,2024-04-01 19:05:52.547913
2107,4.5019026,409.72003,772.97473,814.63696,23.046875,29.785156,45.507812,6.203315258026123,2024-04-01 19:05:58.751629
2108,4.5019026,411.2672,773.0338,815.2217,23.046875,29.785156,45.507812,6.131352186203003,2024-04-01 19:06:04.883322
2109,4.5019026,411.2672,773.0338,815.2217,23.046875,29.785156,45.507812,6.190025091171265,2024-04-01 19:06:11.073870
2110,4.5019026,411.2672,773.0338,815.2477,23.046875,29.785156,45.507812,6.3674705028533936,2024-04-01 19:06:17.441727
2111,4.5019026,411.2672,773.0338,815.2477,23.046875,29.785156,45.507812,6.330794095993042,2024-04-01 19:06:23.773016
2112,4.5019026,411.9313,773.32886,815.31335,23.046875,29.785156,45.507812,6.1302878856658936,2024-04-01 19:06:29.903756
2113,4.5019026,411.9313,773.32886,815.31335,23.046875,29.785156,45.507812,6.45226263999939,2024-04-01 19:06:36.356416
2114,4.5019026,411.9313,774.1626,815.31335,23.046875,29.785156,45.507812,6.1926844120025635,2024-04-01 19:06:42.549499
2115,4.5019026,411.93243,774.6407,815.31335,23.046875,29.785156,45.507812,6.325125694274902,2024-04-01 19:06:48.875191
2116,4.5019026,411.93243,774.6407,815.31335,23.046875,29.785156,45.507812,6.2753260135650635,2024-04-01 19:06:55.150862
2117,4.5019026,411.93243,774.6609,815.62726,23.046875,29.785156,45.60547,6.256717681884766,2024-04-01 19:07:01.408120
2118,4.5019026,411.93243,774.6609,815.62726,23.046875,29.785156,45.60547,6.14559531211853,2024-04-01 19:07:07.554097
2119,4.5019026,412.2501,774.71155,815.818,23.046875,29.785156,45.60547,6.3473193645477295,2024-04-01 19:07:13.901775
2120,4.5019026,412.2501,774.81616,816.5441,23.046875,29.785156,45.60547,6.285010099411011,2024-04-01 19:07:20.187336
2121,4.5019026,412.2501,774.81616,816.63354,23.046875,29.785156,45.60547,6.272440433502197,2024-04-01 19:07:26.460154
2122,4.5019026,412.2501,775.81055,816.63354,23.046875,29.785156,45.60547,6.325173854827881,2024-04-01 19:07:32.785815
2123,4.5019026,412.2501,775.81055,817.28076,23.046875,29.785156,45.60547,6.3095197677612305,2024-04-01 19:07:39.095724
2124,4.5019026,412.2501,776.02686,817.9565,23.046875,29.785156,45.60547,6.433356046676636,2024-04-01 19:07:45.529422
2125,4.5019026,412.2501,776.02686,819.15356,23.046875,29.785156,45.60547,6.247192621231079,2024-04-01 19:07:51.777117
2126,4.5019026,412.69373,776.06055,819.2711,23.046875,29.785156,45.703125,6.320107460021973,2024-04-01 19:07:58.097732
2127,4.5019026,412.69373,776.0996,820.17615,23.046875,29.785156,45.703125,6.194805860519409,2024-04-01 19:08:04.293028
2128,4.5019026,412.76447,776.0996,820.17615,23.046875,29.785156,45.703125,6.37702202796936,2024-04-01 19:08:10.670434
2129,4.5019026,412.76447,776.8398,820.85144,23.046875,29.785156,45.703125,6.421828031539917,2024-04-01 19:08:17.092700
2130,4.5019026,412.76447,776.8398,820.85144,23.046875,29.785156,45.703125,6.2725982666015625,2024-04-01 19:08:23.365785
2131,4.5019026,412.76447,776.8398,820.85144,23.046875,29.785156,45.703125,6.220922231674194,2024-04-01 19:08:29.587159
2132,4.5019026,412.76447,776.8398,820.85144,23.046875,29.785156,45.703125,6.186584234237671,2024-04-01 19:08:35.774090
2133,4.5019026,412.76447,776.8398,820.85144,23.046875,29.785156,45.703125,6.205214262008667,2024-04-01 19:08:41.979656
2134,4.5019026,412.76447,777.3152,821.22925,23.046875,29.785156,45.703125,6.25203013420105,2024-04-01 19:08:48.232131
2135,4.5019026,412.96634,777.3152,821.22925,23.046875,29.785156,45.703125,6.334453582763672,2024-04-01 19:08:54.566931
2136,4.5019026,413.12292,777.3209,821.22925,23.046875,29.785156,45.703125,6.333335638046265,2024-04-01 19:09:00.900615
2137,4.5019026,413.12292,777.3209,821.22925,23.046875,29.785156,45.703125,6.391239643096924,2024-04-01 19:09:07.292250
2138,4.5019026,413.12292,777.56396,821.22925,23.046875,29.785156,45.703125,6.280791282653809,2024-04-01 19:09:13.573398
2139,4.5019026,413.12292,777.56396,821.22925,23.046875,29.785156,45.703125,6.260812044143677,2024-04-01 19:09:19.834594
2140,4.5019026,414.07172,777.7211,821.22925,23.046875,29.785156,45.703125,6.314126491546631,2024-04-01 19:09:26.149067
2141,4.5019026,414.07172,777.7411,821.22925,23.046875,29.785156,45.703125,6.243535995483398,2024-04-01 19:09:32.393061
2142,4.5019026,414.07172,777.7411,821.22925,23.046875,29.785156,45.703125,6.368570327758789,2024-04-01 19:09:38.762020
2143,4.5019026,414.07956,777.8794,821.7595,23.046875,29.785156,45.703125,6.256684303283691,2024-04-01 19:09:45.019193
2144,4.5019026,414.07956,777.8794,821.7595,23.046875,29.785156,45.703125,6.354601144790649,2024-04-01 19:09:51.374297
2145,4.5019026,414.07956,777.885,821.7595,23.046875,29.785156,45.703125,6.395235061645508,2024-04-01 19:09:57.769880
2146,4.5019026,414.07956,777.885,822.666,23.046875,29.785156,45.703125,6.244290828704834,2024-04-01 19:10:04.014509
2147,4.5019026,414.07956,777.94104,822.666,23.046875,29.785156,45.703125,6.2681803703308105,2024-04-01 19:10:10.283035
2148,4.5019026,416.22754,778.09357,822.97217,23.046875,29.785156,45.703125,6.139617443084717,2024-04-01 19:10:16.422992
2149,4.5019026,416.22754,778.113,823.3928,23.046875,29.785156,45.703125,6.3734025955200195,2024-04-01 19:10:22.796763
2150,4.5019026,416.60275,779.03687,823.3928,23.046875,29.785156,45.703125,6.130725383758545,2024-04-01 19:10:28.927876
2151,4.5019026,416.60275,779.03687,823.3928,23.046875,29.785156,45.703125,6.218283653259277,2024-04-01 19:10:35.146499
2152,4.5019026,416.60275,779.3715,823.3928,23.046875,29.785156,45.703125,6.336815357208252,2024-04-01 19:10:41.483657
2153,4.5019026,416.60275,779.8122,823.5174,23.046875,29.785156,45.703125,6.301167964935303,2024-04-01 19:10:47.785181
2154,4.5019026,416.60275,779.81665,823.5174,23.046875,29.785156,45.703125,6.382852077484131,2024-04-01 19:10:54.168471
2155,4.5019026,416.60275,779.81665,823.5174,23.046875,29.785156,45.703125,6.2229156494140625,2024-04-01 19:11:00.391788
2156,4.5019026,416.60275,779.81665,823.5174,23.046875,29.785156,45.703125,6.2733683586120605,2024-04-01 19:11:06.665506
2157,4.5019026,418.06473,779.81665,823.5174,23.046875,29.785156,45.703125,6.3495543003082275,2024-04-01 19:11:13.015459
2158,4.5019026,418.06473,780.60754,823.5174,23.046875,29.785156,45.703125,6.2504942417144775,2024-04-01 19:11:19.266296
2159,4.5019026,418.06473,780.60754,824.30054,23.046875,29.785156,45.703125,6.325268268585205,2024-04-01 19:11:25.591926
2160,4.5019026,418.06473,780.60754,824.30054,23.046875,29.785156,45.703125,6.3506364822387695,2024-04-01 19:11:31.942917
2161,4.5019026,418.06473,780.60754,824.30054,23.046875,29.785156,45.703125,6.244357109069824,2024-04-01 19:11:38.188015
2162,4.5019026,418.08334,781.02484,824.30054,23.046875,29.785156,45.703125,6.3077921867370605,2024-04-01 19:11:44.496156
2163,4.5019026,418.08334,783.77246,824.8047,23.046875,29.785156,45.703125,6.284189462661743,2024-04-01 19:11:50.780748
2164,4.5019026,418.08334,784.01117,824.8109,23.046875,29.785156,45.703125,6.342407703399658,2024-04-01 19:11:57.123546
2165,4.5019026,418.23737,784.35425,825.178,23.046875,29.785156,45.703125,6.247151851654053,2024-04-01 19:12:03.371160
2166,4.5019026,418.23737,784.35425,825.4359,23.046875,29.785156,45.703125,6.369908571243286,2024-04-01 19:12:09.741406
2167,4.5019026,418.55817,784.35425,825.4359,23.046875,29.785156,45.703125,6.263424634933472,2024-04-01 19:12:16.005258
2168,4.5019026,418.55817,785.5062,827.2577,23.046875,29.785156,45.703125,6.344247579574585,2024-04-01 19:12:22.349882
2169,4.5019026,418.55817,785.5062,827.2577,23.046875,29.785156,45.703125,6.32843804359436,2024-04-01 19:12:28.678696
2170,4.5019026,418.55817,785.5127,827.2577,23.046875,29.785156,45.703125,6.261515378952026,2024-04-01 19:12:34.940638
2171,4.5019026,418.55817,785.5127,827.2577,23.046875,29.785156,45.703125,6.297696113586426,2024-04-01 19:12:41.238797
2172,4.5019026,418.55817,785.5127,827.2577,23.046875,29.785156,45.703125,6.153589725494385,2024-04-01 19:12:47.392720
2173,4.5019026,418.6911,785.5127,827.2577,23.046875,29.785156,45.703125,6.320559501647949,2024-04-01 19:12:53.713711
2174,4.5019026,418.88034,785.6579,827.2577,23.046875,29.785156,45.703125,6.2737414836883545,2024-04-01 19:12:59.987878
2175,4.5019026,418.88034,785.6579,827.2577,23.046875,29.785156,45.703125,6.300759792327881,2024-04-01 19:13:06.289080
2176,4.5019026,419.082,785.9416,827.74493,23.046875,29.785156,45.703125,6.334531784057617,2024-04-01 19:13:12.623988
2177,4.5019026,419.082,786.2014,828.23254,23.046875,29.785156,45.703125,6.190823554992676,2024-04-01 19:13:18.815156
2178,4.5019026,419.10065,786.2014,828.23254,23.046875,29.785156,45.703125,6.440855503082275,2024-04-01 19:13:25.256354
2179,4.5019026,419.19012,786.23267,828.23254,23.046875,29.785156,45.703125,6.326248407363892,2024-04-01 19:13:31.582986
2180,4.5019026,419.19012,786.58276,828.23254,23.046875,29.785156,45.703125,6.304639101028442,2024-04-01 19:13:37.888101
2181,4.5019026,419.56897,786.5951,828.23254,23.046875,29.785156,45.703125,6.370254278182983,2024-04-01 19:13:44.258838
2182,4.5019026,419.56897,786.5951,828.23254,23.046875,29.785156,45.703125,6.317716598510742,2024-04-01 19:13:50.576899
2183,4.5019026,419.56897,786.5951,828.23254,23.046875,29.785156,45.703125,6.363800287246704,2024-04-01 19:13:56.941267
2184,4.5019026,419.56897,786.5958,829.15125,23.046875,29.785156,45.703125,6.385972499847412,2024-04-01 19:14:03.327616
2185,4.5019026,419.56897,786.6653,829.1748,23.046875,29.785156,45.703125,6.154087781906128,2024-04-01 19:14:09.482169
2186,4.5019026,419.56897,786.8666,829.7715,23.046875,29.785156,45.703125,6.196547269821167,2024-04-01 19:14:15.679062
2187,4.5019026,419.56897,786.8666,829.7715,23.046875,29.785156,45.703125,6.288891077041626,2024-04-01 19:14:21.968334
2188,4.5019026,419.69348,786.8666,829.7715,23.046875,29.785156,45.703125,6.359713315963745,2024-04-01 19:14:28.328455
2189,4.5019026,419.69348,787.07605,830.25256,23.046875,29.785156,45.703125,6.44210147857666,2024-04-01 19:14:34.770949
2190,4.5019026,419.69348,787.33167,830.25256,23.046875,29.785156,45.703125,6.294186115264893,2024-04-01 19:14:41.065483
2191,4.5019026,419.69348,787.33167,830.25256,23.046875,29.785156,45.703125,6.206156492233276,2024-04-01 19:14:47.272032
2192,4.5019026,419.69348,787.33167,830.25256,23.046875,29.785156,45.703125,6.384542465209961,2024-04-01 19:14:53.656927
2193,4.5019026,419.69348,787.33167,830.25256,23.046875,29.785156,45.703125,6.317188262939453,2024-04-01 19:14:59.974560
2194,4.5019026,419.69348,787.33167,830.944,23.046875,29.785156,45.703125,6.317903757095337,2024-04-01 19:15:06.292810
2195,4.5019026,419.69348,787.34717,830.944,23.046875,29.785156,45.703125,6.478582859039307,2024-04-01 19:15:12.771772
2196,4.5019026,419.74118,787.62976,830.944,23.046875,29.785156,45.703125,6.291218280792236,2024-04-01 19:15:19.063336
2197,4.5019026,419.74118,787.88196,831.22754,23.046875,29.785156,45.703125,6.2838757038116455,2024-04-01 19:15:25.347594
2198,4.5019026,420.39383,787.88196,831.22754,23.046875,29.785156,45.703125,6.271869897842407,2024-04-01 19:15:31.619811
2199,4.5019026,420.39383,788.3515,831.22754,23.046875,29.785156,45.703125,6.286930561065674,2024-04-01 19:15:37.907090
2200,4.5019026,420.6007,788.3515,831.22754,23.046875,29.785156,45.703125,6.305507183074951,2024-04-01 19:15:44.212939
2201,4.5019026,420.6007,788.3515,831.64014,23.046875,29.785156,45.703125,6.229856014251709,2024-04-01 19:15:50.443337
2202,4.5019026,420.6007,788.54004,831.79236,23.046875,29.785156,45.703125,6.254055023193359,2024-04-01 19:15:56.697747
2203,4.5019026,420.6007,788.54004,831.80707,23.046875,29.785156,45.703125,6.446102142333984,2024-04-01 19:16:03.144259
2204,4.5019026,420.6007,788.62756,832.0897,23.046875,29.785156,45.703125,6.156950235366821,2024-04-01 19:16:09.301562
2205,4.5019026,420.6007,789.0412,832.0897,23.046875,29.785156,45.703125,6.390212774276733,2024-04-01 19:16:15.692175
2206,4.5019026,420.6007,789.0412,832.0897,23.046875,29.785156,45.703125,6.283419609069824,2024-04-01 19:16:21.975949
2207,4.5019026,420.6007,789.0412,832.0897,23.046875,29.785156,45.703125,6.336032390594482,2024-04-01 19:16:28.312489
2208,4.5019026,420.658,789.0412,832.0897,23.046875,29.785156,45.703125,6.337761878967285,2024-04-01 19:16:34.650653
2209,4.5019026,420.658,789.08264,832.0897,23.046875,29.785156,45.703125,6.345425367355347,2024-04-01 19:16:40.996423
2210,4.5019026,420.774,789.1001,832.0897,23.046875,29.785156,45.703125,6.295287847518921,2024-04-01 19:16:47.292171
2211,4.5019026,420.774,789.6437,832.0897,23.046875,29.785156,45.703125,6.244835376739502,2024-04-01 19:16:53.537555
2212,4.5019026,421.1338,789.6437,832.0897,23.046875,29.785156,45.703125,6.256937503814697,2024-04-01 19:16:59.794887
2213,4.5019026,421.1338,789.6437,832.0897,23.046875,29.785156,45.703125,6.23270583152771,2024-04-01 19:17:06.027998
2214,4.5019026,421.1338,790.0904,832.0897,23.046875,29.785156,45.703125,6.321577072143555,2024-04-01 19:17:12.349931
2215,4.5019026,421.1338,790.0904,832.0897,23.046875,29.785156,45.703125,6.28511118888855,2024-04-01 19:17:18.635602
2216,4.5019026,421.1338,790.2821,832.0897,23.046875,29.785156,45.703125,6.350184440612793,2024-04-01 19:17:24.986270
2217,4.5019026,421.15076,790.2821,832.135,23.046875,29.785156,45.703125,6.305058479309082,2024-04-01 19:17:31.291678
2218,4.5019026,421.15076,790.2821,832.135,23.046875,29.785156,45.703125,6.2285237312316895,2024-04-01 19:17:37.520558
2219,4.5019026,421.25958,790.2821,832.7872,23.046875,29.785156,45.703125,6.364964485168457,2024-04-01 19:17:43.885933
2220,4.5019026,421.25958,790.35095,832.7872,23.046875,29.785156,45.703125,6.055554151535034,2024-04-01 19:17:49.941881
2221,4.5019026,421.25958,790.35095,832.7872,23.046875,29.785156,45.703125,6.195613622665405,2024-04-01 19:17:56.137924
2222,4.5019026,421.25958,790.35095,833.0502,23.046875,29.785156,45.703125,6.517271280288696,2024-04-01 19:18:02.655605
2223,4.5019026,421.25958,790.35095,833.0502,23.046875,29.785156,45.703125,6.389303684234619,2024-04-01 19:18:09.045251
2224,4.5019026,421.25958,790.35095,833.0502,23.046875,29.785156,45.703125,6.201484203338623,2024-04-01 19:18:15.247206
2225,4.5019026,421.25958,790.35095,833.0502,23.046875,29.785156,45.703125,6.2227113246917725,2024-04-01 19:18:21.470265
2226,4.5019026,421.25958,790.35095,833.0502,23.046875,29.785156,45.703125,6.344265937805176,2024-04-01 19:18:27.815019
2227,4.5019026,421.25958,790.35095,833.0502,23.046875,29.785156,45.703125,6.366954565048218,2024-04-01 19:18:34.182510
2228,4.5019026,421.45215,790.4598,833.159,23.046875,29.785156,45.703125,6.37629246711731,2024-04-01 19:18:40.559149
2229,4.5019026,421.45215,790.4598,833.2158,23.046875,29.785156,45.703125,6.284150123596191,2024-04-01 19:18:46.843684
2230,4.5019026,421.45215,790.4598,833.2158,23.046875,29.785156,45.703125,6.2198569774627686,2024-04-01 19:18:53.064125
2231,4.5019026,421.96368,791.1631,835.27673,23.046875,29.785156,45.703125,6.424752712249756,2024-04-01 19:18:59.489225
2232,4.5019026,421.96368,791.27545,835.27673,23.046875,29.785156,45.703125,6.135876178741455,2024-04-01 19:19:05.625467
2233,4.5019026,422.10278,791.27545,835.40497,23.046875,29.785156,45.703125,6.418149471282959,2024-04-01 19:19:12.044028
2234,4.5019026,422.10278,791.27545,835.40497,23.046875,29.785156,45.703125,6.3576500415802,2024-04-01 19:19:18.402180
2235,4.5019026,422.10278,791.2892,835.40497,23.046875,29.785156,45.703125,6.273582458496094,2024-04-01 19:19:24.676356
2236,4.5019026,422.8817,791.64026,835.70233,23.046875,29.785156,45.703125,6.26064658164978,2024-04-01 19:19:30.937603
2237,4.5019026,423.48157,792.4667,837.10315,23.046875,29.785156,45.703125,6.216254234313965,2024-04-01 19:19:37.154352
2238,4.5019026,423.48157,792.5416,838.14014,23.046875,29.785156,45.703125,6.208908319473267,2024-04-01 19:19:43.363740
2239,4.5019026,423.48157,792.5416,838.14014,23.046875,29.785156,45.703125,6.177946329116821,2024-04-01 19:19:49.542039
2240,4.5019026,423.48157,792.5416,838.14014,23.046875,29.785156,45.703125,6.353378534317017,2024-04-01 19:19:55.895764
2241,4.5019026,423.48157,792.5416,838.14014,23.046875,29.785156,45.703125,6.26064133644104,2024-04-01 19:20:02.156746
2242,4.5019026,423.48157,792.57117,838.14014,23.046875,29.785156,45.703125,6.333402872085571,2024-04-01 19:20:08.490559
2243,4.5019026,423.48157,792.7627,838.14014,23.046875,29.785156,45.703125,6.233012676239014,2024-04-01 19:20:14.724077
2244,4.5019026,423.48157,792.7627,838.14014,23.046875,29.785156,45.703125,6.326112747192383,2024-04-01 19:20:21.050541
2245,4.5019026,423.51172,792.7748,838.14014,23.046875,29.785156,45.703125,6.362338066101074,2024-04-01 19:20:27.413309
2246,4.5019026,424.67456,793.13306,838.238,23.046875,29.785156,45.703125,6.2737321853637695,2024-04-01 19:20:33.687427
2247,4.5019026,424.69473,793.1669,838.238,23.046875,29.785156,45.703125,6.253318786621094,2024-04-01 19:20:39.941093
2248,4.5019026,424.75653,793.1669,838.238,23.046875,29.785156,45.703125,6.425823926925659,2024-04-01 19:20:46.367323
2249,4.5019026,424.75653,793.1669,838.238,23.046875,29.785156,45.703125,6.298377752304077,2024-04-01 19:20:52.666049
2250,4.5019026,424.75653,793.17645,838.44836,23.046875,29.785156,45.703125,6.399542331695557,2024-04-01 19:20:59.066026
2251,4.5019026,424.75653,793.17645,838.44836,23.046875,29.785156,45.703125,6.176516056060791,2024-04-01 19:21:05.242954
2252,4.5019026,424.75653,793.6135,838.44836,23.046875,29.785156,45.703125,6.444545269012451,2024-04-01 19:21:11.687928
2253,4.5019026,424.75653,793.6135,838.44836,23.046875,29.785156,45.703125,6.247130870819092,2024-04-01 19:21:17.935418
2254,4.5019026,424.75653,793.6394,838.44836,23.046875,29.785156,45.703125,6.3394715785980225,2024-04-01 19:21:24.275231
2255,4.5019026,424.75653,793.6758,838.44836,23.046875,29.785156,45.703125,6.374425411224365,2024-04-01 19:21:30.649999
2256,4.5019026,424.90125,794.0221,838.71155,23.046875,29.785156,45.703125,6.258723974227905,2024-04-01 19:21:36.909209
2257,4.5019026,424.90125,794.0221,838.9794,23.046875,29.785156,45.703125,6.344870090484619,2024-04-01 19:21:43.254598
2258,4.5019026,424.90125,794.0221,838.9794,23.046875,29.785156,45.703125,6.216172218322754,2024-04-01 19:21:49.471118
2259,4.5019026,424.90125,794.261,838.9794,23.046875,29.785156,45.703125,6.3722007274627686,2024-04-01 19:21:55.843662
2260,4.5019026,424.90125,794.54834,838.9794,23.046875,29.785156,45.703125,6.338348627090454,2024-04-01 19:22:02.182358
2261,4.5019026,424.90125,794.54834,839.0226,23.046875,29.785156,45.80078,6.2973949909210205,2024-04-01 19:22:08.480096
2262,4.5019026,424.90125,794.845,839.2152,23.046875,29.785156,45.80078,6.403761148452759,2024-04-01 19:22:14.884202
2263,4.5019026,425.09036,795.8983,839.2152,23.046875,29.785156,45.80078,6.363877296447754,2024-04-01 19:22:21.248512
2264,4.5019026,425.09036,796.29846,839.2152,23.046875,29.785156,45.80078,6.391739130020142,2024-04-01 19:22:27.640648
2265,4.5019026,425.09036,796.3755,839.6721,23.046875,29.785156,45.80078,6.375386953353882,2024-04-01 19:22:34.016556
2266,4.5019026,425.3767,796.3755,839.6721,23.046875,29.785156,45.80078,6.35146951675415,2024-04-01 19:22:40.368491
2267,4.5019026,425.3767,796.3755,840.0702,23.046875,29.785156,45.80078,6.142984867095947,2024-04-01 19:22:46.511873
2268,4.5019026,425.38354,796.3755,840.0702,23.046875,29.785156,45.80078,6.314701795578003,2024-04-01 19:22:52.826915
2269,4.5019026,425.38354,796.4293,840.0947,23.046875,29.785156,45.80078,6.144806623458862,2024-04-01 19:22:58.972213
2270,4.5019026,425.39337,796.65607,840.0947,23.046875,29.785156,45.80078,6.323158502578735,2024-04-01 19:23:05.295716
2271,4.5019026,425.39337,796.65607,840.0947,23.046875,29.785156,45.80078,6.213617324829102,2024-04-01 19:23:11.509683
2272,4.5019026,425.39337,796.74255,840.0947,23.046875,29.785156,45.80078,6.294524192810059,2024-04-01 19:23:17.804750
2273,4.5019026,425.39337,796.74255,840.14746,23.046875,29.785156,45.80078,6.166127681732178,2024-04-01 19:23:23.971255
2274,4.5019026,425.5241,796.74255,840.14746,23.046875,29.785156,45.80078,6.251332521438599,2024-04-01 19:23:30.223020
2275,4.5019026,425.5241,796.74255,840.16113,23.046875,29.785156,45.898438,6.335330247879028,2024-04-01 19:23:36.558842
2276,4.5019026,425.55978,797.0608,840.16113,23.046875,29.785156,45.898438,6.268730401992798,2024-04-01 19:23:42.827924
2277,4.5019026,425.92892,798.29504,840.5039,23.046875,29.785156,45.898438,6.363813638687134,2024-04-01 19:23:49.192087
2278,4.5019026,425.92892,798.29504,840.5039,23.046875,29.785156,45.898438,6.248759746551514,2024-04-01 19:23:55.441200
2279,4.5019026,425.92892,798.98175,840.5039,23.046875,29.785156,45.898438,6.336768388748169,2024-04-01 19:24:01.778511
2280,4.5019026,425.92892,798.98175,840.5039,23.046875,29.785156,45.898438,6.386889457702637,2024-04-01 19:24:08.165743
2281,4.5019026,425.92892,799.21545,840.5039,23.046875,29.785156,45.898438,6.357461214065552,2024-04-01 19:24:14.523736
2282,4.5019026,425.92892,799.3351,840.5039,23.046875,29.785156,45.898438,6.2041215896606445,2024-04-01 19:24:20.728204
2283,4.5019026,425.92892,799.3375,840.5039,23.046875,29.785156,45.898438,6.30686092376709,2024-04-01 19:24:27.035408
2284,4.5019026,425.92892,799.3375,840.5039,23.046875,29.785156,45.898438,6.235722303390503,2024-04-01 19:24:33.271519
2285,4.5019026,425.92892,799.3375,840.5039,23.046875,29.785156,45.898438,6.267949819564819,2024-04-01 19:24:39.539840
2286,4.5019026,425.9449,799.3375,841.48535,23.046875,29.785156,45.898438,6.171966075897217,2024-04-01 19:24:45.712186
2287,4.5019026,425.9449,799.394,841.493,23.046875,29.785156,45.898438,6.391803026199341,2024-04-01 19:24:52.104334
2288,4.5019026,425.9449,799.6011,841.493,23.046875,29.785156,45.898438,6.2441935539245605,2024-04-01 19:24:58.348894
2289,4.5019026,425.9449,799.97656,841.493,23.046875,29.785156,45.898438,6.423310995101929,2024-04-01 19:25:04.772681
2290,4.5019026,427.0055,800.0381,841.493,23.046875,29.785156,45.898438,6.283602952957153,2024-04-01 19:25:11.056674
2291,4.5019026,427.0055,800.21814,841.5133,23.046875,29.785156,45.898438,6.223519325256348,2024-04-01 19:25:17.280576
2292,4.5019026,427.0055,800.3879,844.2021,23.046875,29.785156,45.898438,6.149646043777466,2024-04-01 19:25:23.430608
2293,4.5019026,427.55658,800.3879,844.2021,23.046875,29.785156,45.898438,6.223369836807251,2024-04-01 19:25:29.654337
2294,4.5019026,427.55658,800.3879,844.2021,23.046875,29.785156,45.898438,6.187540054321289,2024-04-01 19:25:35.842227
2295,4.5019026,427.55658,800.3879,844.1459,23.046875,29.785156,45.996094,6.204600095748901,2024-04-01 19:25:42.047317
2296,4.5019026,427.55658,800.3879,844.1459,23.046875,29.785156,45.996094,6.292746305465698,2024-04-01 19:25:48.340410
2297,4.5019026,427.55658,800.4859,844.1459,23.046875,29.785156,45.996094,6.38654899597168,2024-04-01 19:25:54.727392
2298,4.5019026,427.55658,801.1765,844.1459,23.046875,29.785156,45.996094,6.222688913345337,2024-04-01 19:26:00.950530
2299,4.5019026,427.55658,801.32495,844.1459,23.046875,29.785156,45.996094,6.392569541931152,2024-04-01 19:26:07.343494
2300,4.5019026,427.55658,801.3264,844.2693,23.046875,29.785156,45.996094,6.257148027420044,2024-04-01 19:26:13.601058
2301,4.5019026,427.67584,801.7118,844.3474,23.046875,29.785156,45.996094,6.2224037647247314,2024-04-01 19:26:19.823837
2302,4.5019026,427.67584,801.72144,844.3474,23.046875,29.785156,45.996094,6.412262201309204,2024-04-01 19:26:26.236455
2303,4.5019026,427.67584,801.72144,844.50037,23.046875,29.785156,45.996094,6.363813877105713,2024-04-01 19:26:32.600887
2304,4.5019026,427.67584,801.72144,844.50037,23.046875,29.785156,45.996094,6.2682554721832275,2024-04-01 19:26:38.869783
2305,4.5019026,427.67584,801.72144,844.92596,23.046875,29.785156,45.996094,6.222169637680054,2024-04-01 19:26:45.092329
2306,4.5019026,427.67584,801.72284,844.92596,23.046875,29.785156,45.996094,6.240044593811035,2024-04-01 19:26:51.332767
2307,4.5019026,427.67584,802.1198,844.93,23.046875,29.785156,45.996094,6.160608768463135,2024-04-01 19:26:57.493759
2308,4.5019026,427.67584,802.1198,844.93,23.046875,29.785156,45.996094,6.287885427474976,2024-04-01 19:27:03.782138
2309,4.5019026,427.67584,802.18823,846.13416,23.046875,29.785156,45.996094,6.284087419509888,2024-04-01 19:27:10.066580
2310,4.5019026,428.59402,802.5393,846.13416,23.046875,29.785156,45.996094,6.199701309204102,2024-04-01 19:27:16.266618
2311,4.5019026,428.59402,802.6635,846.3313,23.046875,29.785156,45.996094,6.3173840045928955,2024-04-01 19:27:22.584397
2312,4.5019026,428.59402,802.7433,846.3313,23.046875,29.785156,45.996094,6.29217791557312,2024-04-01 19:27:28.876960
2313,4.5019026,428.59402,802.7433,846.3313,23.046875,29.785156,45.996094,6.414189100265503,2024-04-01 19:27:35.291730
2314,4.5019026,428.64142,803.32166,846.3313,23.046875,29.785156,45.996094,6.30457067489624,2024-04-01 19:27:41.596651
2315,4.5019026,428.64142,803.32166,846.3313,23.046875,29.785156,45.996094,6.326645135879517,2024-04-01 19:27:47.923821
2316,4.5019026,428.64142,803.32166,846.3313,23.046875,29.785156,45.996094,6.333394527435303,2024-04-01 19:27:54.257578
2317,4.5019026,428.64142,803.32166,846.3313,23.046875,29.785156,45.996094,6.33793306350708,2024-04-01 19:28:00.595902
2318,4.5019026,428.83356,803.32166,846.3313,23.046875,29.785156,45.996094,6.282986640930176,2024-04-01 19:28:06.879336
2319,4.5019026,428.91736,804.1903,846.7359,23.046875,29.785156,45.996094,6.251126289367676,2024-04-01 19:28:13.130802
2320,4.5019026,429.08774,804.1903,846.7359,23.046875,29.785156,45.996094,6.253326654434204,2024-04-01 19:28:19.384515
2321,4.5019026,429.1451,804.5361,846.7359,23.046875,29.785156,45.996094,6.317984342575073,2024-04-01 19:28:25.702901
2322,4.5019026,429.1451,804.6298,846.7359,23.046875,29.785156,45.996094,6.178879261016846,2024-04-01 19:28:31.882357
2323,4.5019026,429.1451,804.6298,846.7359,23.046875,29.785156,45.996094,6.1274988651275635,2024-04-01 19:28:38.010279
2324,4.5019026,430.17444,804.80225,847.03784,23.046875,29.785156,45.996094,6.35617470741272,2024-04-01 19:28:44.366793
2325,4.5019026,430.17444,805.2079,847.17444,23.046875,29.785156,45.996094,6.211906909942627,2024-04-01 19:28:50.579131
2326,4.5019026,430.17444,805.2079,847.141,23.046875,29.785156,46.09375,6.431176424026489,2024-04-01 19:28:57.010736
2327,4.5019026,430.17444,805.22375,847.141,23.046875,29.785156,46.09375,6.28731369972229,2024-04-01 19:29:03.298389
2328,4.5019026,430.17444,805.22375,847.141,23.046875,29.785156,46.09375,6.207986354827881,2024-04-01 19:29:09.506720
2329,4.5019026,430.17444,805.22375,847.141,23.046875,29.785156,46.09375,6.352568626403809,2024-04-01 19:29:15.859633
2330,4.5019026,430.17444,805.90497,847.141,23.046875,29.785156,46.09375,6.188176393508911,2024-04-01 19:29:22.048297
2331,4.5019026,430.17444,806.4008,847.141,23.046875,29.785156,46.09375,6.251054048538208,2024-04-01 19:29:28.299732
2332,4.5019026,430.1905,806.4008,847.4365,23.046875,29.785156,46.09375,6.31984281539917,2024-04-01 19:29:34.619919
2333,4.5019026,430.1905,806.8613,847.4365,23.046875,29.785156,46.09375,6.25992488861084,2024-04-01 19:29:40.880193
2334,4.5019026,430.1905,806.8613,847.4365,23.046875,29.785156,46.09375,6.271429538726807,2024-04-01 19:29:47.151972
2335,4.5019026,430.1905,806.8613,847.4365,23.046875,29.785156,46.09375,6.289938449859619,2024-04-01 19:29:53.442386
2336,4.5019026,430.2185,806.8613,847.7018,23.046875,29.785156,46.09375,6.313003778457642,2024-04-01 19:29:59.755759
2337,4.5019026,430.2185,806.8613,847.7018,23.046875,29.785156,46.09375,6.132120847702026,2024-04-01 19:30:05.888239
2338,4.5019026,430.2185,806.8613,847.7018,23.046875,29.785156,46.09375,6.365932941436768,2024-04-01 19:30:12.254547
2339,4.5019026,430.2185,807.3456,849.1113,23.046875,29.785156,46.09375,6.127427339553833,2024-04-01 19:30:18.382495
2340,4.5019026,430.2185,807.4724,849.1113,23.046875,29.785156,46.09375,6.4012610912323,2024-04-01 19:30:24.784109
2341,4.5019026,430.2185,807.7141,849.1113,23.046875,29.785156,46.09375,6.243553161621094,2024-04-01 19:30:31.028007
2342,4.5019026,430.2185,808.8585,849.1113,23.046875,29.785156,46.09375,6.2318761348724365,2024-04-01 19:30:37.260229
2343,4.5019026,430.2185,809.1521,849.1113,23.046875,29.785156,46.09375,6.37591814994812,2024-04-01 19:30:43.636687
2344,4.5019026,430.2185,809.2049,849.1113,23.046875,29.785156,46.09375,6.237232685089111,2024-04-01 19:30:49.874303
2345,4.5019026,431.01932,809.37885,849.8751,23.046875,29.785156,46.09375,6.34162449836731,2024-04-01 19:30:56.216314
2346,4.5019026,431.01932,809.37885,850.25354,23.046875,29.785156,46.09375,6.302640199661255,2024-04-01 19:31:02.519323
2347,4.5019026,431.01932,809.37885,850.25354,23.046875,29.785156,46.09375,6.403767347335815,2024-04-01 19:31:08.923762
2348,4.5019026,431.01932,809.37885,850.25354,23.046875,29.785156,46.09375,6.211744070053101,2024-04-01 19:31:15.136001
2349,4.5019026,431.01932,810.11743,850.25354,23.046875,29.785156,46.09375,6.168822288513184,2024-04-01 19:31:21.305168
2350,4.5019026,431.08255,811.1714,853.22235,23.046875,29.785156,46.09375,6.2728071212768555,2024-04-01 19:31:27.578529
2351,4.5019026,431.08255,811.1714,853.29004,23.046875,29.785156,46.09375,6.370487451553345,2024-04-01 19:31:33.949559
2352,4.5019026,431.36597,811.3308,853.29004,23.046875,29.785156,46.09375,6.404459714889526,2024-04-01 19:31:40.354468
2353,4.5019026,431.36597,811.3584,854.1332,23.046875,29.785156,46.09375,6.1456615924835205,2024-04-01 19:31:46.500475
2354,4.5019026,431.36597,811.3584,854.1332,23.046875,29.785156,46.09375,6.34483790397644,2024-04-01 19:31:52.845736
2355,4.5019026,431.36597,811.3584,854.1332,23.046875,29.785156,46.09375,6.478019952774048,2024-04-01 19:31:59.324211
2356,4.5019026,431.68677,811.55164,854.1332,23.046875,29.785156,46.09375,6.195331811904907,2024-04-01 19:32:05.519883
2357,4.5019026,431.68677,811.71704,854.1332,23.046875,29.785156,46.09375,6.320035457611084,2024-04-01 19:32:11.840271
2358,4.5019026,431.75073,811.9015,854.7416,23.046875,29.785156,46.09375,6.322750806808472,2024-04-01 19:32:18.163698
2359,4.5019026,431.75073,811.9015,854.8894,23.046875,29.785156,46.09375,6.388846397399902,2024-04-01 19:32:24.553016
2360,4.5019026,432.11948,813.2645,855.81384,23.046875,29.785156,46.09375,6.3149800300598145,2024-04-01 19:32:30.868517
2361,4.5019026,432.11948,813.4638,855.81384,23.046875,29.785156,46.09375,6.302491903305054,2024-04-01 19:32:37.171566
2362,4.5019026,432.11948,813.53613,855.81384,23.046875,29.785156,46.09375,6.379517316818237,2024-04-01 19:32:43.551427
2363,4.5019026,432.11948,813.53613,856.77966,23.046875,29.785156,46.09375,6.216992616653442,2024-04-01 19:32:49.768943
2364,4.5019026,432.11948,813.71765,856.8592,23.046875,29.785156,46.09375,6.234579563140869,2024-04-01 19:32:56.004062
2365,4.5019026,432.11948,814.0283,856.8592,23.046875,29.785156,46.09375,6.2714550495147705,2024-04-01 19:33:02.275871
2366,4.5019026,432.11948,814.8584,856.8592,23.046875,29.785156,46.09375,6.257269382476807,2024-04-01 19:33:08.533489
2367,4.5019026,432.11948,814.9332,856.8592,23.046875,29.785156,46.09375,6.399291276931763,2024-04-01 19:33:14.933163
2368,4.5019026,434.8238,814.9332,856.8592,23.046875,29.785156,46.09375,6.306332588195801,2024-04-01 19:33:21.239986
2369,4.5019026,434.8238,815.0228,856.8592,23.046875,29.882812,46.09375,6.189725875854492,2024-04-01 19:33:27.430205
2370,4.5019026,434.8238,815.0228,856.8592,23.046875,29.882812,46.09375,6.3424787521362305,2024-04-01 19:33:33.773193
2371,4.5019026,434.8238,815.551,858.4661,23.046875,29.882812,46.09375,6.2666425704956055,2024-04-01 19:33:40.040284
2372,4.5019026,434.8238,815.551,858.4661,23.046875,29.882812,46.09375,6.274708986282349,2024-04-01 19:33:46.315394
2373,4.5019026,434.8238,815.551,858.4661,23.046875,29.882812,46.09375,6.257604598999023,2024-04-01 19:33:52.573491
2374,4.5019026,435.0935,815.551,858.6904,23.046875,29.882812,46.09375,6.226499319076538,2024-04-01 19:33:58.800536
2375,4.5019026,435.0935,815.57605,858.6904,23.046875,29.882812,46.09375,6.1344077587127686,2024-04-01 19:34:04.935351
2376,4.5019026,435.0935,815.57605,858.6904,23.046875,29.882812,46.09375,6.185905694961548,2024-04-01 19:34:11.121599
2377,4.5019026,435.0935,815.7947,859.44434,23.046875,29.882812,46.09375,6.285733461380005,2024-04-01 19:34:17.407727
2378,4.5019026,435.0935,815.7947,859.44434,23.046875,29.882812,46.09375,6.240347862243652,2024-04-01 19:34:23.648524
2379,4.5019026,435.0935,816.14294,859.44434,23.046875,29.882812,46.09375,6.215223550796509,2024-04-01 19:34:29.864145
2380,4.5019026,435.0935,816.362,859.7814,23.046875,29.882812,46.09375,6.311379909515381,2024-04-01 19:34:36.176329
2381,4.5019026,435.0935,816.362,859.7814,23.046875,29.882812,46.09375,6.317991495132446,2024-04-01 19:34:42.494704
2382,4.5019026,435.0935,816.7146,859.7814,23.046875,29.882812,46.09375,6.307129144668579,2024-04-01 19:34:48.802178
2383,4.5019026,435.0935,816.9889,860.0431,23.046875,29.882812,46.09375,6.167710542678833,2024-04-01 19:34:54.970326
2384,4.5019026,435.0935,817.2687,860.6428,23.046875,29.882812,46.09375,6.409201622009277,2024-04-01 19:35:01.379985
2385,4.5019026,435.0935,817.3889,860.6428,23.046875,29.882812,46.09375,6.3439531326293945,2024-04-01 19:35:07.724466
2386,4.5019026,435.0935,817.3889,862.26514,23.046875,29.882812,46.191406,6.199977874755859,2024-04-01 19:35:13.925082
2387,4.5019026,435.79355,817.3889,862.35205,23.046875,29.882812,46.191406,6.289628267288208,2024-04-01 19:35:20.215093
2388,4.5019026,435.79355,817.3889,863.2289,23.046875,29.882812,46.191406,6.204436779022217,2024-04-01 19:35:26.420086
2389,4.5019026,435.79355,817.4704,863.2289,23.046875,29.882812,46.191406,6.312837362289429,2024-04-01 19:35:32.733266
2390,4.5019026,436.21298,817.4704,863.3864,23.046875,29.882812,46.191406,6.2095019817352295,2024-04-01 19:35:38.943164
2391,4.5019026,436.58725,817.891,863.3864,23.046875,29.882812,46.191406,6.217229604721069,2024-04-01 19:35:45.160742
2392,4.5019026,436.59314,818.1023,863.3864,23.046875,29.882812,46.191406,6.165435314178467,2024-04-01 19:35:51.326584
2393,4.5019026,437.92896,818.1023,863.3864,23.046875,29.882812,46.191406,6.144064664840698,2024-04-01 19:35:57.471146
2394,4.5019026,437.92896,818.1023,863.3864,23.046875,29.882812,46.191406,6.175992012023926,2024-04-01 19:36:03.647496
2395,4.5019026,437.92896,818.93494,863.3864,23.046875,29.882812,46.191406,6.254300832748413,2024-04-01 19:36:09.902403
2396,4.5019026,437.92896,818.93494,863.3864,23.046875,29.882812,46.191406,6.2535529136657715,2024-04-01 19:36:16.156489
2397,4.5019026,438.46326,819.271,863.3864,23.046875,29.882812,46.191406,6.361902475357056,2024-04-01 19:36:22.518789
2398,4.5019026,438.65857,819.271,863.3864,23.046875,29.882812,46.191406,6.37833833694458,2024-04-01 19:36:28.897517
2399,4.5019026,438.65857,819.5237,863.3864,23.046875,29.882812,46.191406,6.098942041397095,2024-04-01 19:36:34.996870
2400,4.5019026,438.92624,819.5897,863.3864,23.046875,29.882812,46.191406,6.307221174240112,2024-04-01 19:36:41.304478
2401,4.5019026,438.99005,819.5897,866.9646,23.046875,29.882812,46.191406,6.362835645675659,2024-04-01 19:36:47.667704
2402,4.5019026,439.2892,819.69653,868.24414,23.046875,29.882812,46.191406,6.300040006637573,2024-04-01 19:36:53.968095
2403,4.5019026,439.2892,819.7261,868.24414,23.046875,29.882812,46.191406,6.302340507507324,2024-04-01 19:37:00.270990
2404,4.5019026,439.2892,819.7261,868.24414,23.046875,29.882812,46.191406,6.14546275138855,2024-04-01 19:37:06.416803
2405,4.5019026,439.2892,819.7261,868.24414,23.046875,29.882812,46.191406,6.30769681930542,2024-04-01 19:37:12.725229
2406,4.5019026,439.2892,819.7261,868.24414,23.046875,29.882812,46.191406,6.192636489868164,2024-04-01 19:37:18.918259
2407,4.5019026,440.65826,819.7261,868.24414,23.046875,29.882812,46.191406,6.388190746307373,2024-04-01 19:37:25.306789
2408,4.5019026,440.65826,819.8063,868.24414,23.046875,29.882812,46.191406,6.139746904373169,2024-04-01 19:37:31.446976
2409,4.5019026,440.73166,820.3941,868.256,23.046875,29.882812,46.191406,6.244933605194092,2024-04-01 19:37:37.692256
2410,4.5019026,440.73166,820.3941,868.256,23.046875,29.882812,46.191406,6.174801588058472,2024-04-01 19:37:43.867408
2411,4.5019026,440.73166,820.3941,868.256,23.046875,29.882812,46.191406,6.139033317565918,2024-04-01 19:37:50.006799
2412,4.5019026,440.73166,820.3941,868.256,23.046875,29.882812,46.191406,6.255095720291138,2024-04-01 19:37:56.262448
2413,4.5019026,440.73166,820.3941,868.256,23.046875,29.882812,46.191406,6.291100025177002,2024-04-01 19:38:02.553942
2414,4.5019026,440.73166,820.4603,868.8978,23.046875,29.882812,46.191406,6.335060358047485,2024-04-01 19:38:08.889524
2415,4.5019026,440.73166,820.4603,870.6769,23.046875,29.882812,46.191406,6.3102781772613525,2024-04-01 19:38:15.200232
2416,4.5019026,441.0836,820.4603,870.6769,23.046875,29.882812,46.191406,6.443885803222656,2024-04-01 19:38:21.644538
2417,4.5019026,441.20782,820.49756,870.6769,23.046875,29.882812,46.191406,6.303205251693726,2024-04-01 19:38:27.948139
2418,4.5019026,441.20782,820.55225,870.6769,23.046875,29.882812,46.191406,6.064815044403076,2024-04-01 19:38:34.013305
2419,4.5019026,441.2343,820.55225,870.7652,23.046875,29.882812,46.191406,6.236734390258789,2024-04-01 19:38:40.250506
2420,4.5019026,441.2343,820.5565,870.7652,23.046875,29.882812,46.191406,6.218831300735474,2024-04-01 19:38:46.469743
2421,4.5019026,441.73517,820.5565,870.7652,23.046875,29.882812,46.191406,6.332964658737183,2024-04-01 19:38:52.803106
2422,4.5019026,441.73517,820.619,870.7652,23.046875,29.882812,46.191406,6.285278081893921,2024-04-01 19:38:59.088788
2423,4.5019026,441.73517,820.619,870.7652,23.046875,29.882812,46.191406,6.38635778427124,2024-04-01 19:39:05.475528
2424,4.5019026,442.31677,820.619,870.7652,23.046875,29.882812,46.191406,6.301096439361572,2024-04-01 19:39:11.776968
2425,4.5019026,442.3192,820.844,870.7677,23.046875,29.882812,46.191406,6.285058498382568,2024-04-01 19:39:18.062412
2426,4.5019026,442.3192,821.05914,870.7677,23.046875,29.882812,46.191406,6.152418613433838,2024-04-01 19:39:24.215503
2427,4.5019026,442.3192,822.33875,870.7677,23.046875,29.882812,46.191406,6.252665996551514,2024-04-01 19:39:30.468518
2428,4.5019026,442.3192,822.33875,870.7677,23.046875,29.882812,46.191406,6.290942907333374,2024-04-01 19:39:36.759947
2429,4.5019026,442.3192,822.8074,871.6864,23.046875,29.882812,46.191406,6.143484115600586,2024-04-01 19:39:42.903788
2430,4.5019026,442.35553,822.8086,871.6864,23.046875,29.882812,46.191406,6.421511173248291,2024-04-01 19:39:49.325651
2431,4.5019026,442.35553,822.5198,871.9415,23.046875,29.980469,46.191406,6.196248769760132,2024-04-01 19:39:55.522319
2432,4.5019026,442.35553,822.5742,871.9415,23.046875,29.980469,46.191406,6.237666130065918,2024-04-01 19:40:01.760330
2433,4.5019026,442.35553,822.5742,871.9415,23.046875,29.980469,46.191406,6.383681774139404,2024-04-01 19:40:08.144449
2434,4.5019026,442.35553,822.5742,871.9415,23.046875,29.980469,46.191406,6.2954630851745605,2024-04-01 19:40:14.440305
2435,4.5019026,442.35553,822.58276,872.1407,23.046875,29.980469,46.191406,6.159852981567383,2024-04-01 19:40:20.600537
2436,4.5019026,442.63528,822.67456,872.1407,23.046875,29.980469,46.191406,6.338581323623657,2024-04-01 19:40:26.939815
2437,4.5019026,442.63528,822.67456,872.1407,23.046875,29.980469,46.191406,6.248177528381348,2024-04-01 19:40:33.188383
2438,4.5019026,442.63528,822.9753,872.1407,23.046875,29.980469,46.191406,6.39946174621582,2024-04-01 19:40:39.588281
2439,4.5019026,442.63528,823.0447,872.1407,23.046875,29.980469,46.191406,6.11588716506958,2024-04-01 19:40:45.704537
2440,4.5019026,442.65152,823.0447,872.1407,23.046875,29.980469,46.191406,6.296239852905273,2024-04-01 19:40:52.001249
2441,4.5019026,442.65152,823.0447,872.1407,23.046875,29.980469,46.191406,6.273515939712524,2024-04-01 19:40:58.275127
2442,4.5019026,442.65152,823.4161,872.1407,23.046875,29.980469,46.191406,6.382095813751221,2024-04-01 19:41:04.657569
2443,4.5019026,442.65152,823.6162,872.1407,23.046875,29.980469,46.191406,6.278147220611572,2024-04-01 19:41:10.936108
2444,4.5019026,442.65152,823.64197,872.4894,23.046875,29.980469,46.191406,6.302922010421753,2024-04-01 19:41:17.239410
2445,4.5019026,442.65152,823.64197,872.4894,23.046875,29.980469,46.191406,6.304186105728149,2024-04-01 19:41:23.543940
2446,4.5019026,442.65152,823.64197,872.4894,23.046875,29.980469,46.191406,6.343311309814453,2024-04-01 19:41:29.887721
2447,4.5019026,442.65152,823.64197,872.4894,23.046875,29.980469,46.191406,6.1615214347839355,2024-04-01 19:41:36.049601
2448,4.5019026,442.65152,823.64197,872.4894,23.046875,29.980469,46.191406,6.341647148132324,2024-04-01 19:41:42.391635
2449,4.5019026,442.65152,823.6608,872.4894,23.046875,29.980469,46.191406,6.379844665527344,2024-04-01 19:41:48.771828
2450,4.5019026,442.65152,823.8517,872.76514,23.046875,29.980469,46.191406,6.26540994644165,2024-04-01 19:41:55.037582
2451,4.5019026,442.75208,823.8517,872.76514,23.046875,29.980469,46.191406,6.270529270172119,2024-04-01 19:42:01.308501
2452,4.5019026,442.77725,824.53186,872.76514,23.046875,29.980469,46.191406,6.304568767547607,2024-04-01 19:42:07.613471
2453,4.5019026,442.77725,824.63513,872.76514,23.046875,29.980469,46.191406,6.2045738697052,2024-04-01 19:42:13.818608
2454,4.5019026,442.77725,824.69574,872.9671,23.046875,29.980469,46.289062,6.4090735912323,2024-04-01 19:42:20.228077
2455,4.5019026,442.77725,824.69574,872.9671,23.046875,29.980469,46.289062,6.339073419570923,2024-04-01 19:42:26.567616
2456,4.5019026,442.77725,824.9645,872.9671,23.046875,29.980469,46.289062,6.3527398109436035,2024-04-01 19:42:32.920711
2457,4.5019026,442.77725,824.9645,872.9671,23.046875,29.980469,46.289062,6.305874824523926,2024-04-01 19:42:39.227181
2458,4.5019026,442.77725,825.3706,872.9671,23.046875,29.980469,46.289062,6.27015495300293,2024-04-01 19:42:45.497819
2459,4.5019026,442.77725,825.43555,873.1378,23.046875,29.980469,46.289062,6.229784250259399,2024-04-01 19:42:51.727976
2460,4.5019026,442.77725,825.43555,873.1378,23.046875,29.980469,46.289062,6.2842185497283936,2024-04-01 19:42:58.012537
2461,4.5019026,442.77725,825.4387,873.1378,23.046875,29.980469,46.289062,6.311401128768921,2024-04-01 19:43:04.324357
2462,4.5019026,443.33047,825.6821,873.1378,23.046875,29.980469,46.289062,6.330642223358154,2024-04-01 19:43:10.655523
2463,4.5019026,443.33047,826.03564,873.1378,23.046875,29.980469,46.289062,6.275294065475464,2024-04-01 19:43:16.931177
2464,4.5019026,443.33047,826.29456,873.1378,23.046875,29.980469,46.289062,6.562338352203369,2024-04-01 19:43:23.493855
2465,4.5019026,443.33047,827.0097,873.34827,23.046875,29.980469,46.289062,6.224443197250366,2024-04-01 19:43:29.718730
2466,4.5019026,443.33047,827.5619,873.34827,23.046875,29.980469,46.289062,6.146207809448242,2024-04-01 19:43:35.865276
2467,4.5019026,443.33047,827.5619,873.34827,23.046875,29.980469,46.289062,6.39457106590271,2024-04-01 19:43:42.260230
2468,4.5019026,443.93262,827.91956,873.34827,23.046875,29.980469,46.289062,6.338932514190674,2024-04-01 19:43:48.599519
2469,4.5019026,444.17963,828.0379,873.34827,23.046875,29.980469,46.289062,6.258887052536011,2024-04-01 19:43:54.858745
2470,4.5019026,444.31317,828.1264,873.34827,23.046875,29.980469,46.289062,6.248471736907959,2024-04-01 19:44:01.107705
2471,4.5019026,444.31317,828.12946,873.9325,23.046875,29.980469,46.289062,6.3365864753723145,2024-04-01 19:44:07.444637
2472,4.5019026,444.31317,828.3496,873.9325,23.046875,29.980469,46.289062,6.265538930892944,2024-04-01 19:44:13.710805
2473,4.5019026,445.32538,828.4152,874.1874,23.046875,29.980469,46.289062,6.200536489486694,2024-04-01 19:44:19.911683
2474,4.5019026,445.32538,828.549,875.2079,23.046875,29.980469,46.289062,6.3322367668151855,2024-04-01 19:44:26.244266
2475,4.5019026,445.32538,828.5579,875.2079,23.046875,29.980469,46.289062,6.207658290863037,2024-04-01 19:44:32.452276
2476,4.5019026,445.32538,828.5579,875.2079,23.046875,29.980469,46.289062,6.331904649734497,2024-04-01 19:44:38.784612
2477,4.5019026,445.32538,829.46173,875.2079,23.046875,29.980469,46.289062,6.300103187561035,2024-04-01 19:44:45.085129
2478,4.5019026,445.32538,829.46173,875.2079,23.046875,29.980469,46.289062,6.120578050613403,2024-04-01 19:44:51.206235
2479,4.5019026,445.32538,829.5652,875.2079,23.046875,29.980469,46.289062,6.377465009689331,2024-04-01 19:44:57.584379
2480,4.5019026,445.32538,829.6239,876.2077,23.046875,29.980469,46.289062,6.267446994781494,2024-04-01 19:45:03.852210
2481,4.5019026,445.32538,829.6239,876.2077,23.046875,29.980469,46.289062,6.3702192306518555,2024-04-01 19:45:10.222785
2482,4.5019026,445.32538,829.6528,876.2077,23.046875,29.980469,46.289062,6.098798751831055,2024-04-01 19:45:16.322055
2483,4.5019026,445.32538,829.67664,876.2589,23.046875,29.980469,46.289062,6.442050933837891,2024-04-01 19:45:22.764462
2484,4.5019026,445.32538,829.67664,876.2589,23.046875,29.980469,46.289062,6.33678674697876,2024-04-01 19:45:29.101651
2485,4.5019026,445.32538,829.8952,878.4271,23.046875,29.980469,46.289062,6.234480619430542,2024-04-01 19:45:35.336525
2486,4.5019026,445.32538,829.9192,878.4271,23.046875,29.980469,46.289062,6.225021600723267,2024-04-01 19:45:41.561941
2487,4.5019026,445.32538,830.0229,878.4271,23.046875,29.980469,46.289062,6.324185848236084,2024-04-01 19:45:47.886497
2488,4.5019026,445.32538,830.0229,878.4271,23.046875,29.980469,46.289062,6.227760553359985,2024-04-01 19:45:54.114654
2489,4.5019026,445.32538,830.0229,878.4271,23.046875,29.980469,46.289062,6.169719696044922,2024-04-01 19:46:00.284842
2490,4.5019026,445.32538,830.5243,878.4271,23.046875,29.980469,46.289062,6.315213680267334,2024-04-01 19:46:06.600445
2491,4.5019026,445.32538,830.5243,878.4271,23.046875,29.980469,46.289062,6.273818016052246,2024-04-01 19:46:12.874657
2492,4.5019026,445.32538,830.6328,878.4271,23.046875,29.980469,46.289062,6.2131359577178955,2024-04-01 19:46:19.088213
2493,4.5019026,445.32538,830.7643,878.44885,23.046875,29.980469,46.289062,6.1874611377716064,2024-04-01 19:46:25.276014
2494,4.5019026,445.9561,830.77747,878.44885,23.046875,29.980469,46.289062,6.3073883056640625,2024-04-01 19:46:31.583746
2495,4.5019026,445.9561,830.77747,878.44885,23.046875,29.980469,46.289062,6.20047402381897,2024-04-01 19:46:37.784686
2496,4.5019026,445.9561,831.31006,878.44885,23.046875,29.980469,46.289062,6.170483350753784,2024-04-01 19:46:43.955600
2497,4.5019026,445.9561,831.31006,878.44885,23.046875,29.980469,46.289062,6.238998651504517,2024-04-01 19:46:50.194953
2498,4.5019026,445.9561,831.4347,878.44885,23.046875,29.980469,46.289062,6.3523108959198,2024-04-01 19:46:56.547609
2499,4.5019026,445.9561,831.4347,878.83057,23.046875,29.980469,46.289062,6.203201055526733,2024-04-01 19:47:02.751300
2500,4.5019026,445.9561,831.4357,878.83057,23.046875,29.980469,46.289062,6.27692174911499,2024-04-01 19:47:09.028573
2501,4.5019026,445.9561,831.4357,878.83057,23.046875,29.980469,46.289062,6.285882472991943,2024-04-01 19:47:15.314954
2502,4.5019026,445.9561,831.4357,878.83057,23.046875,29.980469,46.289062,6.356475114822388,2024-04-01 19:47:21.671820
2503,4.5019026,445.9561,831.59845,879.24567,23.046875,29.980469,46.289062,6.218494653701782,2024-04-01 19:47:27.890677
2504,4.5019026,446.22458,832.0981,879.24567,23.046875,30.078125,46.289062,6.340760707855225,2024-04-01 19:47:34.231915
2505,4.5019026,446.22458,832.1144,879.24567,23.046875,30.078125,46.289062,6.343599081039429,2024-04-01 19:47:40.575945
2506,4.5019026,446.22458,832.3156,879.4529,23.046875,30.078125,46.289062,6.275485515594482,2024-04-01 19:47:46.851781
2507,4.5019026,446.22458,832.4148,879.4529,23.046875,30.078125,46.289062,6.421727657318115,2024-04-01 19:47:53.273849
2508,4.5019026,446.22458,832.4148,879.4529,23.046875,30.078125,46.289062,6.284849643707275,2024-04-01 19:47:59.559069
2509,4.5019026,446.22458,832.4961,879.4529,23.046875,30.078125,46.289062,6.222951173782349,2024-04-01 19:48:05.782562
2510,4.5019026,446.22458,832.4961,879.6805,23.046875,30.078125,46.289062,6.296212196350098,2024-04-01 19:48:12.079201
2511,4.5019026,446.22458,832.59985,879.6805,23.046875,30.078125,46.289062,6.3032591342926025,2024-04-01 19:48:18.382803
2512,4.5019026,446.22458,832.59985,879.80286,23.046875,30.078125,46.289062,6.284610271453857,2024-04-01 19:48:24.667755
2513,4.5019026,446.22458,833.24805,879.95557,23.046875,30.078125,46.289062,6.160293102264404,2024-04-01 19:48:30.828390
2514,4.5019026,446.22458,833.46954,879.95557,23.046875,30.078125,46.289062,6.317639589309692,2024-04-01 19:48:37.146417
2515,4.5019026,446.22458,833.46954,879.95557,23.046875,30.078125,46.289062,6.355386018753052,2024-04-01 19:48:43.502306
2516,4.5019026,446.22458,833.46954,879.95557,23.046875,30.078125,46.289062,6.288634300231934,2024-04-01 19:48:49.791316
2517,4.5019026,446.22458,833.4807,879.95557,23.046875,30.078125,46.289062,6.488162994384766,2024-04-01 19:48:56.279907
2518,4.5019026,446.22458,833.58124,879.9726,23.046875,30.078125,46.289062,6.227734804153442,2024-04-01 19:49:02.507989
2519,4.5019026,446.22458,833.82495,881.11975,23.046875,30.078125,46.289062,6.258857488632202,2024-04-01 19:49:08.767194
2520,4.5019026,446.22458,834.43146,881.11975,23.046875,30.078125,46.289062,6.268726825714111,2024-04-01 19:49:15.036276
2521,4.9780593,446.85938,835.20044,882.46515,23.046875,30.078125,46.289062,6.257034778594971,2024-04-01 19:49:21.293674
2522,4.9780593,446.85938,835.20044,882.46515,23.046875,30.078125,46.289062,6.309169054031372,2024-04-01 19:49:27.603283
2523,4.9780593,446.85938,835.9237,882.46515,23.046875,30.078125,46.289062,6.370691537857056,2024-04-01 19:49:33.974369
2524,4.9780593,446.85938,835.9784,882.46515,23.046875,30.078125,46.289062,6.304831504821777,2024-04-01 19:49:40.279592
2525,4.9780593,446.85938,836.1382,882.46515,23.046875,30.078125,46.289062,6.2965967655181885,2024-04-01 19:49:46.576528
2526,4.9780593,446.85938,836.15295,882.8656,23.046875,30.078125,46.289062,6.3033130168914795,2024-04-01 19:49:52.880237
2527,4.9780593,446.85938,836.15295,882.8656,23.046875,30.078125,46.289062,6.231395959854126,2024-04-01 19:49:59.112428
2528,4.9780593,446.85938,836.2175,882.8656,23.046875,30.078125,46.289062,6.234951972961426,2024-04-01 19:50:05.347773
2529,4.9780593,446.85938,836.2175,883.2246,23.046875,30.078125,46.289062,6.284196615219116,2024-04-01 19:50:11.632509
2530,4.9780593,447.7102,836.41125,885.3059,23.046875,30.078125,46.289062,6.179685354232788,2024-04-01 19:50:17.812596
2531,4.9780593,447.7102,836.41125,885.3059,23.046875,30.078125,46.289062,6.213278532028198,2024-04-01 19:50:24.026263
2532,4.9780593,447.7102,836.41125,885.3059,23.046875,30.078125,46.289062,6.1735498905181885,2024-04-01 19:50:30.200153
2533,4.9780593,447.7102,836.4147,885.3059,23.046875,30.078125,46.289062,6.17416524887085,2024-04-01 19:50:36.374665
2534,4.9780593,447.7102,836.4147,885.7695,23.046875,30.078125,46.289062,6.30648136138916,2024-04-01 19:50:42.681533
2535,4.9780593,449.10556,836.7333,886.40015,23.046875,30.078125,46.289062,6.45468282699585,2024-04-01 19:50:49.136790
2536,4.9780593,449.10556,836.7333,886.40015,23.046875,30.078125,46.289062,6.168064594268799,2024-04-01 19:50:55.305428
2537,4.9780593,449.10556,836.7333,886.40015,23.046875,30.078125,46.289062,6.276150226593018,2024-04-01 19:51:01.582080
2538,4.9780593,449.10556,836.775,886.40015,23.046875,30.078125,46.289062,6.305008172988892,2024-04-01 19:51:07.887430
2539,4.9780593,449.10556,836.8965,886.7621,23.046875,30.078125,46.289062,6.1828367710113525,2024-04-01 19:51:14.070612
2540,4.9780593,449.10556,836.8965,886.80817,23.046875,30.078125,46.289062,6.24061131477356,2024-04-01 19:51:20.311572
2541,4.9780593,449.10556,836.8965,886.8704,23.046875,30.078125,46.289062,6.276632308959961,2024-04-01 19:51:26.588648
2542,4.9780593,449.10556,836.8965,886.8704,23.046875,30.078125,46.289062,6.342440366744995,2024-04-01 19:51:32.931588
2543,4.9780593,450.6077,837.11145,886.8704,23.046875,30.078125,46.289062,6.115732192993164,2024-04-01 19:51:39.047664
2544,4.9780593,451.16025,837.11145,886.8704,23.046875,30.078125,46.289062,6.392055034637451,2024-04-01 19:51:45.440058
2545,4.9780593,451.16025,837.11145,886.8704,23.046875,30.078125,46.289062,6.362172603607178,2024-04-01 19:51:51.802761
2546,4.9780593,451.46228,838.10284,887.02045,23.046875,30.078125,46.289062,6.2740185260772705,2024-04-01 19:51:58.077125
2547,4.9780593,451.46228,838.16907,887.0866,23.046875,30.078125,46.289062,6.226244688034058,2024-04-01 19:52:04.303804
2548,4.9780593,451.46228,838.16907,887.0866,23.046875,30.078125,46.289062,6.248322486877441,2024-04-01 19:52:10.552473
2549,4.9780593,451.46228,838.16907,887.0866,23.046875,30.078125,46.289062,6.263822078704834,2024-04-01 19:52:16.816689
2550,4.9780593,451.46228,838.4541,887.0866,23.046875,30.078125,46.289062,6.332801342010498,2024-04-01 19:52:23.150158
2551,4.9780593,451.46228,839.615,887.0866,23.046875,30.078125,46.289062,6.139240026473999,2024-04-01 19:52:29.289738
2552,4.9780593,451.46228,839.615,887.17676,23.046875,30.078125,46.289062,6.350228786468506,2024-04-01 19:52:35.640340
2553,4.9780593,451.70294,839.8346,887.17676,23.046875,30.078125,46.289062,6.2834343910217285,2024-04-01 19:52:41.924144
2554,4.9780593,451.70294,839.8346,887.2505,23.046875,30.078125,46.289062,6.321183919906616,2024-04-01 19:52:48.245671
2555,4.9780593,451.70294,840.14685,887.2505,23.046875,30.078125,46.289062,6.30868935585022,2024-04-01 19:52:54.554735
2556,4.9780593,452.81567,840.6167,887.7118,23.046875,30.078125,46.289062,6.3801867961883545,2024-04-01 19:53:00.935266
2557,4.9780593,452.81567,840.62646,887.7118,23.046875,30.078125,46.289062,6.256943464279175,2024-04-01 19:53:07.192647
2558,4.9780593,452.81567,841.1223,887.7118,23.046875,30.078125,46.289062,6.310752630233765,2024-04-01 19:53:13.503930
2559,4.9780593,452.81567,841.1223,888.5912,23.046875,30.078125,46.289062,6.161233901977539,2024-04-01 19:53:19.665512
2560,4.9780593,452.81567,841.35614,888.9525,23.046875,30.078125,46.289062,6.27089524269104,2024-04-01 19:53:25.936824
2561,4.9780593,452.81567,841.35614,888.9525,23.046875,30.078125,46.289062,6.168227434158325,2024-04-01 19:53:32.105438
2562,4.9780593,452.81567,841.3712,889.12317,23.046875,30.078125,46.289062,6.2383599281311035,2024-04-01 19:53:38.344181
2563,4.9780593,452.81567,841.402,889.12317,23.046875,30.078125,46.289062,6.421734094619751,2024-04-01 19:53:44.766287
2564,4.9780593,452.81567,843.2485,889.1742,23.046875,30.078125,46.289062,6.256146192550659,2024-04-01 19:53:51.022777
2565,4.9780593,452.81567,843.2485,889.1742,23.046875,30.078125,46.289062,6.357211112976074,2024-04-01 19:53:57.380335
2566,4.9780593,452.81567,843.2485,889.1742,23.046875,30.078125,46.289062,6.188042640686035,2024-04-01 19:54:03.568757
2567,4.9780593,452.81567,843.3136,889.1742,23.046875,30.078125,46.289062,6.323136568069458,2024-04-01 19:54:09.892273
2568,4.9780593,452.81567,843.3136,889.1742,23.046875,30.078125,46.289062,6.223826885223389,2024-04-01 19:54:16.116550
2569,4.9780593,452.81567,843.3993,889.1742,23.046875,30.078125,46.289062,6.277625799179077,2024-04-01 19:54:22.394576
2570,4.9780593,453.7602,843.3993,889.1742,23.046875,30.078125,46.289062,6.349041938781738,2024-04-01 19:54:28.743955
2571,4.9780593,453.7602,843.3993,889.1742,23.046875,30.078125,46.289062,6.221395492553711,2024-04-01 19:54:34.965697
2572,4.9780593,453.7602,843.4292,889.1742,23.046875,30.078125,46.289062,6.150814056396484,2024-04-01 19:54:41.117267
2573,4.9780593,453.84232,843.4292,890.3135,23.046875,30.078125,46.289062,6.214688062667847,2024-04-01 19:54:47.332485
2574,4.9780593,454.06207,843.4292,890.3135,23.046875,30.078125,46.289062,6.203455448150635,2024-04-01 19:54:53.536344
2575,4.9780593,454.06207,843.4292,890.3135,23.046875,30.078125,46.289062,6.314959764480591,2024-04-01 19:54:59.851854
2576,4.9780593,454.06207,843.73035,890.57764,23.046875,30.078125,46.289062,6.258572101593018,2024-04-01 19:55:06.110871
2577,4.9780593,454.06207,844.4135,890.5845,23.046875,30.078125,46.289062,6.165399789810181,2024-04-01 19:55:12.276617
2578,4.9780593,454.06207,844.6973,890.5845,23.046875,30.078125,46.289062,6.293755292892456,2024-04-01 19:55:18.570769
2579,4.9780593,454.7155,845.2055,890.8209,23.046875,30.078125,46.289062,6.259419679641724,2024-04-01 19:55:24.830715
2580,4.9780593,454.7155,846.5521,890.8209,23.046875,30.078125,46.289062,6.299763441085815,2024-04-01 19:55:31.130904
2581,4.9780593,454.7155,846.9081,890.8209,23.046875,30.078125,46.289062,6.383898496627808,2024-04-01 19:55:37.515262
2582,4.9780593,454.7155,846.9081,890.8209,23.046875,30.078125,46.289062,6.3371076583862305,2024-04-01 19:55:43.852887
2583,4.9780593,454.7155,847.0603,890.8209,23.046875,30.078125,46.289062,6.252399206161499,2024-04-01 19:55:50.105930
2584,4.9780593,454.7155,847.1686,890.8209,23.046875,30.078125,46.289062,6.336604595184326,2024-04-01 19:55:56.442884
2585,4.9780593,454.7155,847.1686,891.001,23.046875,30.078125,46.289062,6.024776220321655,2024-04-01 19:56:02.468000
2586,4.9780593,454.7155,847.21704,891.001,23.046875,30.078125,46.289062,6.395230531692505,2024-04-01 19:56:08.863566
2587,4.9780593,454.7155,847.21704,891.001,23.046875,30.078125,46.289062,6.297610521316528,2024-04-01 19:56:15.161526
2588,4.9780593,454.7155,847.21704,891.001,23.046875,30.078125,46.289062,6.374625205993652,2024-04-01 19:56:21.536547
2589,4.9780593,454.7155,847.35,891.001,23.046875,30.078125,46.289062,6.198500871658325,2024-04-01 19:56:27.735447
2590,4.9780593,454.7155,847.35,891.001,23.046875,30.078125,46.289062,6.351149320602417,2024-04-01 19:56:34.086982
2591,4.9780593,454.7155,847.35,891.001,23.046875,30.078125,46.289062,6.244878768920898,2024-04-01 19:56:40.332425
2592,4.9780593,454.7155,847.35,891.001,23.046875,30.078125,46.289062,6.19851279258728,2024-04-01 19:56:46.531493
2593,4.9780593,454.7155,847.35,891.29675,23.046875,30.078125,46.289062,6.370339393615723,2024-04-01 19:56:52.902169
2594,4.9780593,454.7155,847.35,891.29675,23.046875,30.078125,46.289062,6.291150093078613,2024-04-01 19:56:59.193662
2595,4.9780593,454.7155,847.35,891.79095,23.046875,30.078125,46.289062,6.242307424545288,2024-04-01 19:57:05.436391
2596,4.9780593,454.7155,847.412,891.79095,23.046875,30.078125,46.289062,6.280958414077759,2024-04-01 19:57:11.717741
2597,4.9780593,454.7155,847.62646,892.1769,23.046875,30.078125,46.289062,6.1626317501068115,2024-04-01 19:57:17.880785
2598,4.9780593,454.7155,848.5402,892.1769,23.046875,30.078125,46.289062,6.35434627532959,2024-04-01 19:57:24.235525
2599,4.9780593,454.7155,848.5402,892.1769,23.046875,30.078125,46.289062,6.1901938915252686,2024-04-01 19:57:30.426259
2600,4.9780593,454.7155,848.553,892.1769,23.046875,30.078125,46.289062,6.213216304779053,2024-04-01 19:57:36.639921
2601,4.9780593,454.7155,848.553,892.57465,23.046875,30.078125,46.289062,6.391159772872925,2024-04-01 19:57:43.031565
2602,4.9780593,454.7155,848.553,892.57465,23.046875,30.078125,46.289062,6.371974229812622,2024-04-01 19:57:49.403884
2603,4.9780593,454.7155,848.8815,892.57465,23.046875,30.078125,46.289062,6.280479192733765,2024-04-01 19:57:55.684827
2604,4.9780593,454.7155,849.2074,892.57465,23.046875,30.078125,46.289062,6.281830549240112,2024-04-01 19:58:01.967047
2605,4.9780593,454.7155,849.2074,892.57465,23.046875,30.078125,46.289062,6.272894620895386,2024-04-01 19:58:08.240289
2606,4.9780593,454.8614,849.8775,892.57465,23.046875,30.078125,46.289062,6.184741497039795,2024-04-01 19:58:14.425649
2607,4.9780593,455.1811,849.8775,892.57465,23.046875,30.078125,46.289062,6.317798614501953,2024-04-01 19:58:20.743915
2608,4.9780593,457.45398,849.8775,892.57465,23.046875,30.078125,46.289062,6.409094572067261,2024-04-01 19:58:27.153413
2609,4.9780593,457.45398,850.96313,892.57465,23.046875,30.078125,46.289062,6.336319208145142,2024-04-01 19:58:33.490254
2610,4.9780593,457.45398,850.9673,892.57465,23.046875,30.078125,46.289062,6.345613956451416,2024-04-01 19:58:39.836543
2611,4.9780593,457.6038,851.0123,893.0785,23.046875,30.078125,46.289062,6.315845727920532,2024-04-01 19:58:46.152791
2612,4.9780593,457.6038,851.34106,894.3716,23.046875,30.078125,46.289062,6.223004102706909,2024-04-01 19:58:52.376172
2613,4.9780593,457.6038,851.34106,894.3716,23.046875,30.078125,46.289062,6.244450569152832,2024-04-01 19:58:58.620967
2614,4.9780593,457.6038,852.2357,894.3716,23.046875,30.078125,46.289062,6.242578744888306,2024-04-01 19:59:04.863939
2615,4.9780593,457.6038,852.65857,894.6472,23.046875,30.078125,46.289062,6.28285026550293,2024-04-01 19:59:11.147329
2616,4.9780593,457.6038,852.65857,894.6472,23.046875,30.078125,46.289062,6.320285797119141,2024-04-01 19:59:17.467958
2617,4.9780593,457.6038,852.65857,894.6472,23.046875,30.078125,46.289062,6.2999491691589355,2024-04-01 19:59:23.768255
2618,4.9780593,457.6038,852.65857,894.7589,23.046875,30.078125,46.289062,6.2957541942596436,2024-04-01 19:59:30.064366
2619,4.9780593,457.76273,853.2262,894.78845,23.046875,30.078125,46.289062,6.280256509780884,2024-04-01 19:59:36.345217
2620,4.9780593,457.76273,853.277,895.15515,23.046875,30.078125,46.289062,6.294770240783691,2024-04-01 19:59:42.640688
2621,4.9780593,457.76273,853.3463,895.15515,23.046875,30.078125,46.289062,6.481984853744507,2024-04-01 19:59:49.123049
2622,4.9780593,457.76273,853.6062,895.15515,23.046875,30.078125,46.289062,6.441853761672974,2024-04-01 19:59:55.565459
2623,4.9780593,457.76273,853.98926,895.15515,23.046875,30.078125,46.289062,6.3582892417907715,2024-04-01 20:00:01.924148
2624,4.9780593,457.76273,854.09247,895.35535,23.046875,30.078125,46.289062,6.243173360824585,2024-04-01 20:00:08.167669
2625,4.9780593,458.6454,855.90436,895.7738,23.046875,30.078125,46.289062,6.219784498214722,2024-04-01 20:00:14.387809
2626,4.9780593,458.6454,856.06537,895.7738,23.046875,30.078125,46.289062,6.437870502471924,2024-04-01 20:00:20.826029
2627,4.9780593,458.6454,856.06537,895.7738,23.046875,30.078125,46.289062,6.347446918487549,2024-04-01 20:00:27.174077
2628,4.9780593,458.78784,856.7599,896.12225,23.046875,30.078125,46.289062,6.394662857055664,2024-04-01 20:00:33.569270
2629,4.9780593,458.795,856.7599,896.12225,23.046875,30.078125,46.289062,6.130156517028809,2024-04-01 20:00:39.699842
2630,4.9780593,458.795,856.76263,896.1482,23.046875,30.078125,46.289062,6.299739837646484,2024-04-01 20:00:45.999918
2631,4.9780593,458.795,856.76263,896.1482,23.046875,30.078125,46.289062,6.321056127548218,2024-04-01 20:00:52.321317
2632,4.9780593,458.795,857.1435,896.1482,23.046875,30.078125,46.289062,6.353114366531372,2024-04-01 20:00:58.674971
2633,4.9780593,459.63843,857.21277,896.1482,23.046875,30.078125,46.289062,6.281092643737793,2024-04-01 20:01:04.956448
2634,4.9780593,459.63843,857.21277,896.1482,23.046875,30.078125,46.289062,6.289493083953857,2024-04-01 20:01:11.246380
2635,4.9780593,459.63843,857.28,896.1482,23.046875,30.078125,46.289062,6.436915397644043,2024-04-01 20:01:17.683788
2636,4.9780593,461.01843,857.3803,896.1482,23.046875,30.078125,46.289062,6.235378265380859,2024-04-01 20:01:23.919512
2637,4.9780593,461.01843,857.3803,896.1482,23.046875,30.078125,46.289062,6.256268739700317,2024-04-01 20:01:30.176130
2638,4.9780593,461.01843,857.42737,896.1482,23.046875,30.078125,46.289062,6.348067283630371,2024-04-01 20:01:36.524537
2639,4.9780593,461.01843,857.42737,896.538,23.046875,30.078125,46.289062,6.266746520996094,2024-04-01 20:01:42.791695
2640,4.9780593,461.01843,857.4301,896.538,23.046875,30.078125,46.289062,6.202173471450806,2024-04-01 20:01:48.994206
2641,4.9780593,461.01843,857.4445,896.538,23.046875,30.078125,46.289062,6.272599697113037,2024-04-01 20:01:55.267144
2642,4.9780593,461.34857,857.8798,896.538,23.046875,30.078125,46.289062,6.320057392120361,2024-04-01 20:02:01.587591
2643,4.9780593,461.34857,858.2139,896.71484,23.046875,30.078125,46.289062,6.268151760101318,2024-04-01 20:02:07.856294
2644,4.9780593,462.0577,858.2139,896.71484,23.046875,30.078125,46.289062,6.234100580215454,2024-04-01 20:02:14.091075
2645,4.9780593,462.0577,858.2139,896.7773,23.046875,30.078125,46.289062,6.511141777038574,2024-04-01 20:02:20.602710
2646,4.9780593,462.0577,858.4894,896.7773,23.046875,30.078125,46.289062,6.276300668716431,2024-04-01 20:02:26.879478
2647,4.9780593,462.09073,858.4894,896.7773,23.046875,30.078125,46.289062,6.236068964004517,2024-04-01 20:02:33.115887
2648,4.9780593,462.09073,858.6028,896.7773,23.046875,30.078125,46.289062,6.34238076210022,2024-04-01 20:02:39.458614
2649,4.9780593,462.09073,858.6028,896.7773,23.046875,30.078125,46.289062,6.200937509536743,2024-04-01 20:02:45.659936
2650,4.9780593,462.09073,858.6028,896.7773,23.046875,30.078125,46.289062,6.2235777378082275,2024-04-01 20:02:51.883949
2651,4.9780593,462.09073,858.6724,896.7773,23.046875,30.078125,46.289062,6.315551519393921,2024-04-01 20:02:58.199843
2652,4.9780593,462.09073,858.7372,896.7773,23.046875,30.078125,46.289062,6.3466477394104,2024-04-01 20:03:04.547027
2653,4.9780593,462.09073,858.7372,896.7773,23.046875,30.078125,46.289062,6.22081184387207,2024-04-01 20:03:10.768371
2654,4.9780593,462.09073,858.7731,896.7773,23.046875,30.078125,46.289062,6.241450071334839,2024-04-01 20:03:17.010224
2655,4.9780593,462.09073,858.91205,894.59247,23.046875,30.078125,46.38672,6.299247980117798,2024-04-01 20:03:23.309857
2656,4.9780593,462.1535,858.94556,894.59247,23.046875,30.078125,46.38672,6.405690670013428,2024-04-01 20:03:29.716103
2657,4.9780593,462.1535,858.9984,894.59247,23.046875,30.078125,46.38672,6.330239772796631,2024-04-01 20:03:36.046747
2658,4.9780593,462.49915,859.336,894.59247,23.046875,30.078125,46.38672,6.259108304977417,2024-04-01 20:03:42.306245
2659,4.9780593,462.49915,859.5966,894.6135,23.046875,30.078125,46.38672,6.293888092041016,2024-04-01 20:03:48.600643
2660,4.9780593,462.5916,862.7069,894.7582,23.046875,30.078125,46.38672,6.421075820922852,2024-04-01 20:03:55.022147
2661,4.9780593,462.5916,862.7069,894.7582,23.046875,30.078125,46.38672,6.373211860656738,2024-04-01 20:04:01.395878
2662,4.9780593,462.5916,862.79675,894.7582,23.046875,30.078125,46.38672,6.256938457489014,2024-04-01 20:04:07.653160
2663,4.9780593,462.5916,862.9679,894.7582,23.046875,30.078125,46.38672,6.3063929080963135,2024-04-01 20:04:13.960163
2664,4.9780593,462.5916,862.9679,894.7582,23.046875,30.078125,46.38672,6.368305206298828,2024-04-01 20:04:20.328811
2665,4.9780593,462.5916,863.0243,894.7582,23.046875,30.078125,46.38672,6.282727479934692,2024-04-01 20:04:26.612094
2666,4.9780593,462.5916,863.0243,894.7582,23.046875,30.078125,46.38672,6.350926876068115,2024-04-01 20:04:32.963375
2667,4.9780593,462.5916,863.27356,894.7582,23.046875,30.078125,46.38672,6.4261696338653564,2024-04-01 20:04:39.389890
2668,4.9780593,462.5916,863.27356,894.9138,23.046875,30.078125,46.38672,6.307343006134033,2024-04-01 20:04:45.697788
2669,4.9780593,463.62067,863.27356,894.9138,23.046875,30.078125,46.38672,6.404698848724365,2024-04-01 20:04:52.102880
2670,4.9780593,463.62067,863.27356,894.9138,23.046875,30.078125,46.38672,6.249618291854858,2024-04-01 20:04:58.352841
2671,4.9780593,463.9365,863.73944,895.443,23.046875,30.078125,46.38672,6.269982099533081,2024-04-01 20:05:04.623303
2672,4.9780593,463.9365,863.87244,895.443,23.046875,30.078125,46.38672,6.3831117153167725,2024-04-01 20:05:11.006944
2673,4.9780593,463.9365,864.00903,895.443,23.046875,30.078125,46.38672,6.257491827011108,2024-04-01 20:05:17.264778
2674,4.9780593,463.9365,864.00903,895.443,23.046875,30.078125,46.38672,6.241865634918213,2024-04-01 20:05:23.507080
2675,4.9780593,463.9365,864.00903,895.443,23.046875,30.078125,46.38672,6.260761022567749,2024-04-01 20:05:29.768181
2676,4.9780593,463.9365,864.00903,895.57935,23.046875,30.078125,46.38672,6.259732723236084,2024-04-01 20:05:36.028259
2677,4.9780593,463.99133,864.00903,896.45776,23.046875,30.078125,46.38672,6.404778003692627,2024-04-01 20:05:42.433461
2678,4.9780593,463.99133,864.00903,896.59985,23.046875,30.078125,46.38672,6.346941232681274,2024-04-01 20:05:48.780908
2679,4.9780593,464.11005,864.117,896.6054,23.046875,30.078125,46.38672,6.371211051940918,2024-04-01 20:05:55.152690
2680,4.9780593,464.11005,864.6167,896.6054,23.046875,30.078125,46.38672,6.242593765258789,2024-04-01 20:06:01.395771
2681,4.9780593,464.11005,864.6167,896.6054,23.046875,30.078125,46.38672,6.40683913230896,2024-04-01 20:06:07.802954
2682,4.9780593,464.11005,864.6167,896.6054,23.046875,30.078125,46.38672,6.2387285232543945,2024-04-01 20:06:14.042365
2683,4.9780593,464.11005,865.093,896.6054,23.046875,30.078125,46.38672,6.2339396476745605,2024-04-01 20:06:20.277062
2684,4.9780593,464.11005,865.093,896.6054,23.046875,30.078125,46.38672,6.238835334777832,2024-04-01 20:06:26.516651
2685,4.9780593,464.11005,865.093,896.6054,23.046875,30.078125,46.38672,6.219105958938599,2024-04-01 20:06:32.736141
2686,4.9780593,464.11005,865.1035,896.6054,23.046875,30.078125,46.38672,6.356085300445557,2024-04-01 20:06:39.092570
2687,4.9780593,464.11005,865.3075,896.6054,23.046875,30.078125,46.38672,6.34174108505249,2024-04-01 20:06:45.434704
2688,4.9780593,464.11005,865.3075,896.6054,23.046875,30.078125,46.38672,6.283695936203003,2024-04-01 20:06:51.718745
2689,4.9780593,464.36853,865.66565,896.8621,23.046875,30.078125,46.38672,6.364739656448364,2024-04-01 20:06:58.084009
2690,4.9780593,464.44223,866.3411,897.0227,23.046875,30.078125,46.38672,6.322018623352051,2024-04-01 20:07:04.406405
2691,4.9780593,464.44223,867.9734,897.2737,23.046875,30.078125,46.38672,6.268014669418335,2024-04-01 20:07:10.674963
2692,4.9780593,464.81482,868.1475,897.2737,23.046875,30.078125,46.38672,6.2737181186676025,2024-04-01 20:07:16.949021
2693,4.9780593,465.8957,868.3521,897.3707,23.046875,30.078125,46.38672,6.286353826522827,2024-04-01 20:07:23.235756
2694,4.9780593,465.8957,869.08997,898.4208,23.046875,30.078125,46.38672,6.207979202270508,2024-04-01 20:07:29.444067
2695,4.9780593,465.8957,869.2271,898.4208,23.046875,30.078125,46.38672,6.10373592376709,2024-04-01 20:07:35.548145
2696,4.9780593,465.8957,869.26874,898.4208,23.046875,30.078125,46.38672,6.279083251953125,2024-04-01 20:07:41.827703
2697,4.9780593,465.97845,869.26874,898.4208,23.046875,30.078125,46.38672,6.408047437667847,2024-04-01 20:07:48.236098
2698,4.9780593,466.52502,869.39233,898.4452,23.046875,30.078125,46.38672,6.281634092330933,2024-04-01 20:07:54.518075
2699,4.9780593,466.92917,869.5301,895.5226,23.046875,30.078125,46.484375,6.20609974861145,2024-04-01 20:08:00.724622
2700,4.9780593,466.92917,869.80206,895.5226,23.046875,30.078125,46.484375,6.204811096191406,2024-04-01 20:08:06.930033
2701,4.9780593,466.92917,869.804,895.5226,23.046875,30.078125,46.484375,6.112845420837402,2024-04-01 20:08:13.043240
2702,4.9780593,466.92917,870.34375,895.5226,23.046875,30.078125,46.484375,6.339996576309204,2024-04-01 20:08:19.383619
2703,4.9780593,466.92917,871.0362,895.5226,23.046875,30.078125,46.484375,6.401931047439575,2024-04-01 20:08:25.785957
2704,4.9780593,466.92917,871.0362,895.5226,23.046875,30.078125,46.484375,6.424102544784546,2024-04-01 20:08:32.210491
2705,4.9780593,466.92917,871.1567,895.5226,23.046875,30.078125,46.484375,6.126554012298584,2024-04-01 20:08:38.337611
2706,4.9780593,466.92917,871.16113,895.5226,23.046875,30.078125,46.484375,6.310676336288452,2024-04-01 20:08:44.648680
2707,4.9780593,466.92917,871.16113,895.5226,23.046875,30.078125,46.484375,6.34277081489563,2024-04-01 20:08:50.991832
2708,4.9780593,466.92917,871.1765,895.52856,23.046875,30.078125,46.484375,6.338131427764893,2024-04-01 20:08:57.330311
2709,4.9780593,467.01556,871.6853,895.52856,23.046875,30.078125,46.484375,6.213686943054199,2024-04-01 20:09:03.544335
2710,4.9780593,467.08057,871.6853,895.52856,23.046875,30.078125,46.484375,6.20858359336853,2024-04-01 20:09:09.753389
2711,4.9780593,467.08057,871.71295,895.52856,23.046875,30.078125,46.484375,6.2949378490448,2024-04-01 20:09:16.048706
2712,4.9780593,467.08057,872.447,896.4791,23.046875,30.078125,46.484375,6.246039390563965,2024-04-01 20:09:22.295127
2713,4.9780593,467.08057,872.447,896.4791,23.046875,30.078125,46.484375,6.295813798904419,2024-04-01 20:09:28.591428
2714,4.9780593,467.08057,872.9396,896.4791,23.046875,30.078125,46.484375,6.230051517486572,2024-04-01 20:09:34.821839
2715,4.9780593,467.08057,873.02325,896.4791,23.046875,30.078125,46.484375,6.263248682022095,2024-04-01 20:09:41.085586
2716,4.9780593,467.5556,873.4037,896.4791,23.046875,30.078125,46.484375,6.351319789886475,2024-04-01 20:09:47.437294
2717,4.9780593,467.5556,873.54114,896.4791,23.046875,30.078125,46.484375,6.186932563781738,2024-04-01 20:09:53.624610
2718,4.9780593,467.60568,873.65967,896.4791,23.046875,30.078125,46.484375,6.146667003631592,2024-04-01 20:09:59.771657
2719,4.9780593,467.60568,873.65967,896.4791,23.046875,30.078125,46.484375,6.351476430892944,2024-04-01 20:10:06.123624
2720,4.9780593,467.60568,874.14886,896.70825,23.046875,30.078125,46.484375,6.386265993118286,2024-04-01 20:10:12.510237
2721,4.9780593,467.9494,874.14886,896.96606,23.046875,30.078125,46.484375,6.296219348907471,2024-04-01 20:10:18.806897
2722,4.9780593,467.9494,874.4515,896.96606,23.046875,30.078125,46.484375,6.2335124015808105,2024-04-01 20:10:25.040765
2723,4.9780593,467.9494,874.4515,896.96606,23.046875,30.078125,46.484375,6.336985349655151,2024-04-01 20:10:31.378315
2724,4.9780593,467.9494,874.4515,896.96606,23.046875,30.078125,46.484375,6.348802804946899,2024-04-01 20:10:37.727611
2725,4.9780593,467.9494,874.4515,897.5138,23.046875,30.078125,46.484375,6.2850422859191895,2024-04-01 20:10:44.013008
2726,4.9780593,469.01715,874.91583,897.5138,23.046875,30.078125,46.484375,6.301692724227905,2024-04-01 20:10:50.315079
2727,4.9780593,469.01715,874.91583,897.5533,23.046875,30.078125,46.484375,6.2992942333221436,2024-04-01 20:10:56.614718
2728,4.9780593,469.01715,874.91583,897.83264,23.046875,30.078125,46.484375,6.266215085983276,2024-04-01 20:11:02.881414
2729,4.9780593,469.01715,874.91583,897.83264,23.046875,30.078125,46.484375,6.309084892272949,2024-04-01 20:11:09.190993
2730,4.9780593,469.01715,875.14764,897.83264,23.046875,30.078125,46.484375,6.231684684753418,2024-04-01 20:11:15.423066
2731,4.9780593,471.25946,875.3323,897.87024,23.046875,30.078125,46.484375,6.4367992877960205,2024-04-01 20:11:21.860413
2732,4.9780593,471.37183,875.3323,897.87024,23.046875,30.078125,46.484375,6.322471618652344,2024-04-01 20:11:28.183277
2733,4.9780593,471.54352,875.3323,898.16425,23.046875,30.078125,46.484375,6.288472414016724,2024-04-01 20:11:34.472269
2734,4.9780593,471.54352,875.3323,897.9636,23.046875,30.078125,46.58203,6.250631809234619,2024-04-01 20:11:40.723319
2735,4.9780593,471.54352,875.3805,897.9636,23.046875,30.078125,46.58203,6.416855812072754,2024-04-01 20:11:47.140521
2736,4.9780593,471.54352,876.11,897.9636,23.046875,30.078125,46.58203,6.265522718429565,2024-04-01 20:11:53.406440
2737,4.9780593,471.54352,876.2803,897.9636,23.046875,30.078125,46.58203,6.208582878112793,2024-04-01 20:11:59.615368
2738,4.9780593,471.54352,876.2803,898.63403,23.046875,30.078125,46.58203,6.266237735748291,2024-04-01 20:12:05.881999
2739,4.9780593,471.54352,876.40625,898.63403,23.046875,30.078125,46.58203,6.230445861816406,2024-04-01 20:12:12.112779
2740,4.9780593,472.2579,877.85474,899.0399,23.046875,30.078125,46.58203,6.446041822433472,2024-04-01 20:12:18.559204
2741,4.9780593,472.2579,877.85474,899.0399,23.046875,30.078125,46.58203,6.27876091003418,2024-04-01 20:12:24.838395
2742,4.9780593,472.2579,878.12555,899.0399,23.046875,30.078125,46.58203,6.280855178833008,2024-04-01 20:12:31.119739
2743,4.9780593,472.34384,878.12555,899.0399,23.046875,30.078125,46.58203,6.275059700012207,2024-04-01 20:12:37.395143
2744,4.9780593,472.34384,878.12555,899.0399,23.046875,30.078125,46.58203,6.340893745422363,2024-04-01 20:12:43.736378
2745,4.9780593,472.34384,878.12555,899.11304,23.046875,30.078125,46.58203,6.255566120147705,2024-04-01 20:12:49.992413
2746,4.9780593,472.8687,878.5709,899.11304,23.046875,30.078125,46.58203,6.233468770980835,2024-04-01 20:12:56.226268
2747,4.9780593,472.8687,878.5709,899.11304,23.046875,30.078125,46.58203,6.368748664855957,2024-04-01 20:13:02.595377
2748,4.9780593,472.8687,878.5709,899.11304,23.046875,30.078125,46.58203,6.269500732421875,2024-04-01 20:13:08.865228
2749,4.9780593,472.8687,878.64825,899.11304,23.046875,30.078125,46.58203,6.329837083816528,2024-04-01 20:13:15.195556
2750,4.9780593,472.8687,878.64996,899.4332,23.046875,30.078125,46.58203,6.279124021530151,2024-04-01 20:13:21.475035
2751,4.9780593,473.0535,878.9411,899.7288,23.046875,30.078125,46.58203,6.152998924255371,2024-04-01 20:13:27.628415
2752,4.9780593,473.0535,879.30695,899.7288,23.046875,30.078125,46.58203,6.244838237762451,2024-04-01 20:13:33.873667
2753,4.9780593,473.0535,879.30695,899.7288,23.046875,30.078125,46.58203,6.340304851531982,2024-04-01 20:13:40.214358
2754,4.9780593,473.0535,879.43494,899.7288,23.046875,30.078125,46.58203,6.304142951965332,2024-04-01 20:13:46.519053
2755,4.9780593,473.0535,879.43494,899.7288,23.046875,30.078125,46.58203,6.238185405731201,2024-04-01 20:13:52.757625
2756,4.9780593,473.1116,879.55804,900.19885,23.046875,30.078125,46.58203,6.241106033325195,2024-04-01 20:13:58.999211
2757,4.9780593,473.1116,879.82227,900.19885,23.046875,30.078125,46.58203,6.329843759536743,2024-04-01 20:14:05.329395
2758,4.9780593,473.16608,879.82227,900.2118,23.046875,30.078125,46.58203,6.332428932189941,2024-04-01 20:14:11.662268
2759,4.9780593,473.16608,879.82227,900.2118,23.046875,30.078125,46.58203,6.269274950027466,2024-04-01 20:14:17.931904
2760,4.9780593,473.37476,879.9442,900.2985,23.046875,30.078125,46.58203,6.2856764793396,2024-04-01 20:14:24.217921
2761,4.9780593,473.45596,879.9442,900.2985,23.046875,30.078125,46.58203,6.3093225955963135,2024-04-01 20:14:30.527586
2762,4.9780593,473.45596,880.0368,900.2985,23.046875,30.078125,46.58203,6.30199122428894,2024-04-01 20:14:36.829919
2763,4.9780593,473.45596,880.0839,900.6695,23.046875,30.078125,46.58203,6.181097745895386,2024-04-01 20:14:43.011415
2764,4.9780593,474.05142,880.0839,900.7234,23.046875,30.078125,46.58203,6.312166213989258,2024-04-01 20:14:49.323930
2765,4.9780593,474.05142,880.28503,900.7234,23.046875,30.078125,46.58203,6.339199781417847,2024-04-01 20:14:55.663504
2766,4.9780593,474.50708,880.34753,900.7234,23.046875,30.078125,46.58203,6.255875587463379,2024-04-01 20:15:01.919739
2767,4.9780593,475.2705,880.34753,900.7234,23.046875,30.078125,46.58203,6.258235931396484,2024-04-01 20:15:08.178315
2768,4.9780593,475.2705,880.3633,900.7234,23.046875,30.078125,46.58203,6.2723708152771,2024-04-01 20:15:14.451032
2769,4.9780593,475.2705,880.3633,900.75745,23.046875,30.078125,46.58203,6.261152744293213,2024-04-01 20:15:20.712529
2770,4.9780593,475.2705,880.49677,900.75745,23.046875,30.078125,46.58203,6.390496492385864,2024-04-01 20:15:27.103572
2771,4.9780593,475.3393,880.8701,901.5679,23.046875,30.078125,46.58203,6.411930084228516,2024-04-01 20:15:33.515984
2772,4.9780593,475.3393,881.31226,901.5679,23.046875,30.078125,46.58203,6.2351133823394775,2024-04-01 20:15:39.751440
2773,4.9780593,475.3393,881.3267,901.5679,23.046875,30.078125,46.58203,6.182936906814575,2024-04-01 20:15:45.934752
2774,4.9780593,475.3393,881.79767,901.5679,23.046875,30.078125,46.58203,6.284501552581787,2024-04-01 20:15:52.219592
2775,4.9780593,475.3393,882.24316,901.5679,23.046875,30.078125,46.58203,6.3846657276153564,2024-04-01 20:15:58.604799
2776,4.9780593,475.3393,882.24316,901.78076,23.046875,30.078125,46.58203,6.2621681690216064,2024-04-01 20:16:04.867354
2777,4.9780593,475.3393,883.1587,901.78076,23.046875,30.078125,46.58203,6.239440441131592,2024-04-01 20:16:11.107273
2778,4.9780593,475.3393,883.2182,901.78076,23.046875,30.078125,46.58203,6.301758289337158,2024-04-01 20:16:17.409374
2779,4.9780593,475.3393,884.08295,901.78076,23.046875,30.078125,46.58203,6.27569317817688,2024-04-01 20:16:23.685459
2780,4.9780593,475.3393,884.08295,901.78076,23.046875,30.078125,46.58203,6.38525128364563,2024-04-01 20:16:30.071100
2781,4.9780593,475.3393,884.08295,901.78076,23.046875,30.078125,46.58203,6.279872894287109,2024-04-01 20:16:36.351505
2782,4.9780593,475.3393,884.08295,901.78076,23.046875,30.078125,46.58203,6.224156379699707,2024-04-01 20:16:42.576004
2783,4.9780593,475.4615,884.08295,901.78076,23.046875,30.078125,46.58203,6.195702075958252,2024-04-01 20:16:48.772048
2784,4.9780593,475.4615,884.08295,901.78076,23.046875,30.078125,46.58203,6.365879774093628,2024-04-01 20:16:55.138277
2785,4.9780593,475.4615,884.1041,902.2956,23.046875,30.078125,46.58203,6.240013599395752,2024-04-01 20:17:01.378659
2786,4.9780593,475.4615,884.1041,902.2956,23.046875,30.078125,46.58203,6.376471519470215,2024-04-01 20:17:07.755476
2787,4.9780593,475.4615,884.1041,902.2956,23.046875,30.078125,46.58203,6.059999704360962,2024-04-01 20:17:13.815820
2788,4.9780593,475.4615,884.157,902.2956,23.046875,30.078125,46.58203,6.23411750793457,2024-04-01 20:17:20.050308
2789,4.9780593,475.4615,884.4148,902.2956,23.046875,30.078125,46.58203,6.202323913574219,2024-04-01 20:17:26.253082
2790,4.9780593,476.45712,884.4148,902.2956,23.046875,30.078125,46.58203,6.1879661083221436,2024-04-01 20:17:32.441542
2791,4.9780593,476.45712,884.83105,902.2956,23.046875,30.078125,46.58203,6.3377768993377686,2024-04-01 20:17:38.779730
2792,4.9780593,476.45712,885.0157,902.2956,23.046875,30.078125,46.58203,6.271872282028198,2024-04-01 20:17:45.051943
2793,4.9780593,477.09827,885.6777,903.10297,23.046875,30.078125,46.58203,6.240044832229614,2024-04-01 20:17:51.292334
2794,4.9780593,477.09827,885.79205,903.10297,23.046875,30.078125,46.58203,6.368404865264893,2024-04-01 20:17:57.661304
2795,4.9780593,477.09827,886.0961,903.47144,23.046875,30.078125,46.58203,6.2691004276275635,2024-04-01 20:18:03.930797
2796,4.9780593,477.09827,886.1017,903.47144,23.046875,30.078125,46.58203,6.281215190887451,2024-04-01 20:18:10.212351
2797,4.9780593,477.09827,886.1017,903.85815,23.046875,30.078125,46.58203,6.186983108520508,2024-04-01 20:18:16.399720
2798,4.9780593,477.09827,886.1017,903.85815,23.046875,30.078125,46.58203,6.283097505569458,2024-04-01 20:18:22.683351
2799,4.9780593,477.09827,886.1017,903.85815,23.046875,30.078125,46.58203,6.201527118682861,2024-04-01 20:18:28.885228
2800,4.9780593,477.09827,886.1409,903.85815,23.046875,30.078125,46.58203,6.322005748748779,2024-04-01 20:18:35.207795
2801,4.9780593,477.09827,886.19293,903.85815,23.046875,30.078125,46.58203,6.232123136520386,2024-04-01 20:18:41.440262
2802,4.9780593,477.09827,886.3818,903.85815,23.046875,30.078125,46.58203,6.227569103240967,2024-04-01 20:18:47.668240
2803,4.9780593,477.32922,886.3818,903.9173,23.046875,30.078125,46.58203,6.278226137161255,2024-04-01 20:18:53.946944
2804,4.9780593,477.72177,887.30695,904.10913,23.046875,30.078125,46.58203,6.34777045249939,2024-04-01 20:19:00.295058
2805,4.9780593,477.72177,887.30695,904.10913,23.046875,30.078125,46.58203,6.211715221405029,2024-04-01 20:19:06.507207
2806,4.9780593,477.72177,887.30695,904.10913,23.046875,30.078125,46.58203,6.284583806991577,2024-04-01 20:19:12.792136
2807,4.9780593,477.72177,887.7021,904.19666,23.046875,30.078125,46.58203,6.242116451263428,2024-04-01 20:19:19.034607
2808,4.9780593,477.80518,887.8025,904.19666,23.046875,30.078125,46.58203,6.3097686767578125,2024-04-01 20:19:25.344716
2809,4.9780593,477.80518,887.8025,904.19666,23.046875,30.078125,46.58203,6.245572328567505,2024-04-01 20:19:31.590668
2810,4.9780593,477.80518,887.94116,904.19666,23.046875,30.078125,46.58203,6.345468282699585,2024-04-01 20:19:37.936475
2811,4.9780593,477.80518,888.073,904.19666,23.046875,30.078125,46.58203,6.208437204360962,2024-04-01 20:19:44.145309
2812,4.9780593,477.80518,888.073,904.19666,23.046875,30.078125,46.58203,6.3261778354644775,2024-04-01 20:19:50.471872
2813,4.9780593,478.14307,888.28424,904.4556,23.046875,30.078125,46.58203,6.1785571575164795,2024-04-01 20:19:56.650963
2814,4.9780593,478.44977,888.5998,904.7644,23.046875,30.078125,46.58203,6.123569965362549,2024-04-01 20:20:02.774971
2815,4.9780593,478.44977,888.67664,906.12604,23.046875,30.078125,46.58203,6.308767080307007,2024-04-01 20:20:09.084229
2816,4.9780593,478.44977,889.36914,906.12604,23.046875,30.078125,46.58203,6.240190505981445,2024-04-01 20:20:15.324766
2817,4.9780593,478.44977,890.50214,906.12604,23.046875,30.078125,46.58203,6.1789164543151855,2024-04-01 20:20:21.504072
2818,4.9780593,478.44977,890.7271,906.12604,23.046875,30.078125,46.58203,6.278152227401733,2024-04-01 20:20:27.782571
2819,4.9780593,478.44977,890.7271,906.12604,23.046875,30.078125,46.58203,6.251829147338867,2024-04-01 20:20:34.034842
2820,4.9780593,478.44977,891.07104,906.12604,23.046875,30.078125,46.58203,6.343738079071045,2024-04-01 20:20:40.379100
2821,4.9780593,478.50055,891.72424,907.71826,23.046875,30.078125,46.58203,6.261956691741943,2024-04-01 20:20:46.641424
2822,4.9780593,478.50055,891.72424,907.71826,23.046875,30.078125,46.58203,6.339061975479126,2024-04-01 20:20:52.980926
2823,4.9780593,478.76553,891.72424,907.71826,23.046875,30.078125,46.58203,6.252309322357178,2024-04-01 20:20:59.233622
2824,4.9780593,478.76553,892.2578,907.71826,23.046875,30.078125,46.58203,6.254302024841309,2024-04-01 20:21:05.488480
2825,4.9780593,479.07327,892.5167,907.71826,23.046875,30.078125,46.58203,6.379949331283569,2024-04-01 20:21:11.868875
2826,4.9780593,479.22412,892.9614,907.71826,23.046875,30.078125,46.58203,6.2984490394592285,2024-04-01 20:21:18.167715
2827,4.9780593,479.22412,893.173,907.71826,23.046875,30.078125,46.58203,6.314563989639282,2024-04-01 20:21:24.482622
2828,4.9780593,479.22412,893.1985,907.71826,23.046875,30.078125,46.58203,6.247034549713135,2024-04-01 20:21:30.729999
2829,4.9780593,479.22412,893.1985,907.71826,23.046875,30.078125,46.58203,6.343021631240845,2024-04-01 20:21:37.073373
2830,4.9780593,479.22412,893.1985,908.67847,23.046875,30.078125,46.58203,6.298187494277954,2024-04-01 20:21:43.372125
2831,4.9780593,479.22412,893.2915,909.2886,23.046875,30.078125,46.58203,6.35526442527771,2024-04-01 20:21:49.727737
2832,4.9780593,479.50345,894.2064,909.2886,23.046875,30.078125,46.58203,6.121524810791016,2024-04-01 20:21:55.849605
2833,4.9780593,479.64932,894.22327,909.2886,23.046875,30.078125,46.58203,6.226954698562622,2024-04-01 20:22:02.077082
2834,4.9780593,479.64932,894.22974,909.2886,23.046875,30.078125,46.58203,6.201274394989014,2024-04-01 20:22:08.278737
2835,4.9780593,479.98557,894.4016,909.454,23.046875,30.078125,46.58203,6.256909608840942,2024-04-01 20:22:14.536043
2836,4.9780593,479.98557,894.4016,906.34454,23.046875,30.078125,46.679688,6.3240966796875,2024-04-01 20:22:20.860481
2837,4.9780593,479.98557,894.73035,906.34454,23.046875,30.078125,46.679688,6.384521722793579,2024-04-01 20:22:27.245404
2838,4.9780593,480.1711,894.73035,906.34454,23.046875,30.078125,46.679688,6.280831336975098,2024-04-01 20:22:33.526789
2839,4.9780593,480.1711,894.73035,906.614,23.046875,30.078125,46.679688,6.243358612060547,2024-04-01 20:22:39.770494
2840,4.9780593,480.1711,894.73035,907.1186,23.046875,30.078125,46.679688,6.164137840270996,2024-04-01 20:22:45.935112
2841,4.9780593,480.1711,894.79956,907.1186,23.046875,30.078125,46.679688,6.300915241241455,2024-04-01 20:22:52.236380
2842,4.9780593,480.42297,894.90216,907.1186,23.046875,30.078125,46.679688,6.20307731628418,2024-04-01 20:22:58.439898
2843,4.9780593,480.43558,894.90216,907.1186,23.046875,30.078125,46.679688,6.253478765487671,2024-04-01 20:23:04.693727
2844,4.9780593,480.43558,894.90216,907.1186,23.046875,30.078125,46.679688,6.25063157081604,2024-04-01 20:23:10.944736
2845,4.9780593,480.43558,894.90216,908.6152,23.046875,30.078125,46.679688,6.518200874328613,2024-04-01 20:23:17.463324
2846,4.9780593,480.43558,894.90216,908.6152,23.046875,30.078125,46.679688,6.335723400115967,2024-04-01 20:23:23.799436
2847,4.9780593,480.43558,894.97266,908.6152,23.046875,30.078125,46.679688,6.387375116348267,2024-04-01 20:23:30.187225
2848,4.9780593,480.43558,895.12634,908.6152,23.046875,30.078125,46.679688,6.3535473346710205,2024-04-01 20:23:36.541211
2849,4.9780593,480.43558,895.12634,910.50977,23.046875,30.078125,46.679688,6.403392791748047,2024-04-01 20:23:42.944990
2850,4.9780593,480.43558,895.12634,910.50977,23.046875,30.078125,46.679688,6.334858417510986,2024-04-01 20:23:49.280393
2851,4.9780593,480.80524,896.2671,911.35046,23.046875,30.078125,46.679688,6.213705539703369,2024-04-01 20:23:55.494485
2852,4.9780593,481.1888,896.4626,911.35046,23.046875,30.078125,46.679688,6.185540676116943,2024-04-01 20:24:01.680361
2853,4.9780593,481.1888,896.4898,911.35046,23.046875,30.078125,46.679688,6.282751798629761,2024-04-01 20:24:07.963490
2854,4.9780593,481.1888,896.4898,911.35046,23.046875,30.078125,46.679688,6.239910364151001,2024-04-01 20:24:14.203741
2855,4.9780593,482.30298,896.4898,911.35046,23.046875,30.078125,46.679688,6.359354734420776,2024-04-01 20:24:20.563442
2856,4.9780593,482.30298,896.7136,911.35046,23.046875,30.078125,46.679688,6.320157527923584,2024-04-01 20:24:26.884063
2857,4.9780593,482.88052,896.7136,911.35046,23.046875,30.078125,46.679688,6.152782201766968,2024-04-01 20:24:33.037190
2858,4.9780593,482.88052,896.7136,911.35046,23.046875,30.078125,46.679688,6.250624656677246,2024-04-01 20:24:39.288198
2859,4.9780593,482.88052,896.7136,911.35046,23.046875,30.078125,46.679688,6.2707624435424805,2024-04-01 20:24:45.559428
2860,4.9780593,482.88052,897.67786,911.35046,23.046875,30.078125,46.679688,6.273925304412842,2024-04-01 20:24:51.833834
2861,4.9780593,482.88052,898.0437,911.5259,23.046875,30.078125,46.679688,6.2674150466918945,2024-04-01 20:24:58.101791
2862,4.9780593,482.88052,898.0437,911.5259,23.046875,30.078125,46.679688,6.313017845153809,2024-04-01 20:25:04.415184
2863,4.9780593,482.88052,898.0437,911.5522,23.046875,30.078125,46.679688,6.231117248535156,2024-04-01 20:25:10.646681
2864,4.9780593,483.0625,898.0437,911.5522,23.046875,30.078125,46.679688,6.31292724609375,2024-04-01 20:25:16.959948
2865,4.9780593,483.0625,898.0437,911.5522,23.046875,30.078125,46.679688,6.280394077301025,2024-04-01 20:25:23.240755
2866,4.9780593,483.0625,898.1178,911.5522,23.046875,30.078125,46.679688,6.2371861934661865,2024-04-01 20:25:29.478489
2867,4.9780593,483.0625,898.1297,911.5522,23.046875,30.078125,46.679688,6.328231573104858,2024-04-01 20:25:35.807106
2868,4.9780593,483.0625,898.2261,912.04736,23.046875,30.078125,46.679688,6.30891752243042,2024-04-01 20:25:42.116362
2869,4.9780593,483.0625,898.2261,912.22723,23.046875,30.078125,46.679688,6.364688396453857,2024-04-01 20:25:48.481432
2870,4.9780593,483.0625,898.5137,912.7844,23.046875,30.078125,46.679688,6.221587896347046,2024-04-01 20:25:54.703412
2871,4.9780593,483.55292,898.5137,912.7844,23.046875,30.078125,46.679688,6.351208209991455,2024-04-01 20:26:01.054978
2872,4.9780593,483.55292,898.5188,912.7844,23.046875,30.078125,46.679688,6.295668125152588,2024-04-01 20:26:07.350993
2873,4.9780593,483.55292,898.71204,913.16614,23.046875,30.078125,46.679688,6.245262145996094,2024-04-01 20:26:13.596639
2874,4.9780593,483.71533,898.71204,913.75354,23.046875,30.078125,46.679688,6.298983335494995,2024-04-01 20:26:19.896126
2875,4.98763,484.87274,901.81335,914.12585,23.046875,30.078125,46.679688,6.4189348220825195,2024-04-01 20:26:26.315405
2876,4.98763,485.14935,902.05884,914.8194,23.046875,30.078125,46.679688,6.328371047973633,2024-04-01 20:26:32.644128
2877,4.98763,485.14935,902.2443,915.1938,23.046875,30.078125,46.679688,6.183119297027588,2024-04-01 20:26:38.827587
2878,4.98763,485.14935,902.2443,915.1938,23.046875,30.078125,46.679688,6.286003351211548,2024-04-01 20:26:45.113934
2879,4.98763,485.29565,902.2727,915.1938,23.046875,30.078125,46.679688,6.359230279922485,2024-04-01 20:26:51.473654
2880,4.98763,485.29565,902.3959,915.1938,23.046875,30.078125,46.679688,6.32130765914917,2024-04-01 20:26:57.795451
2881,4.98763,485.29565,902.6228,915.29193,23.046875,30.078125,46.679688,6.244888544082642,2024-04-01 20:27:04.040686
2882,4.98763,485.29565,902.6706,915.75903,23.046875,30.078125,46.679688,6.345742464065552,2024-04-01 20:27:10.386812
2883,4.98763,485.29565,903.2589,916.34766,23.046875,30.078125,46.679688,6.261103630065918,2024-04-01 20:27:16.648452
2884,4.98763,485.71707,903.36206,916.34766,23.046875,30.078125,46.679688,6.368937015533447,2024-04-01 20:27:23.017781
2885,4.98763,485.71707,903.36206,916.34766,23.046875,30.078125,46.679688,6.353774547576904,2024-04-01 20:27:29.371925
2886,4.98763,485.71707,903.36206,916.34766,23.046875,30.078125,46.679688,6.183878183364868,2024-04-01 20:27:35.556145
2887,4.98763,485.71707,903.36206,916.34766,23.046875,30.078125,46.679688,6.258732557296753,2024-04-01 20:27:41.815225
2888,4.98763,486.4634,903.62524,916.34766,23.046875,30.078125,46.679688,6.287943363189697,2024-04-01 20:27:48.103545
2889,4.98763,486.4634,903.62524,916.34766,23.046875,30.078125,46.679688,6.306639909744263,2024-04-01 20:27:54.410655
2890,4.98763,486.4634,903.62524,916.34766,23.046875,30.078125,46.679688,6.219181537628174,2024-04-01 20:28:00.630424
2891,4.98763,486.4634,903.62524,916.34766,23.046875,30.078125,46.679688,6.312446594238281,2024-04-01 20:28:06.943226
2892,4.98763,486.4634,903.62524,916.34766,23.046875,30.078125,46.679688,6.115058422088623,2024-04-01 20:28:13.058630
2893,4.98763,486.4634,904.1043,916.5055,23.046875,30.078125,46.679688,6.308132886886597,2024-04-01 20:28:19.367437
2894,4.98763,486.4634,904.13477,917.41797,23.046875,30.078125,46.679688,6.416242361068726,2024-04-01 20:28:25.784031
2895,4.98763,486.4634,904.13477,917.41797,23.046875,30.078125,46.679688,6.435328722000122,2024-04-01 20:28:32.219705
2896,4.98763,486.4634,904.13477,917.41797,23.046875,30.078125,46.679688,6.2746264934539795,2024-04-01 20:28:38.494712
2897,4.98763,486.4634,904.13477,917.41797,23.046875,30.078125,46.679688,6.221931457519531,2024-04-01 20:28:44.716991
2898,4.98763,486.52908,904.16205,917.41797,23.046875,30.078125,46.679688,6.140602350234985,2024-04-01 20:28:50.858077
2899,4.98763,486.52908,904.2249,917.41797,23.046875,30.078125,46.679688,6.170063018798828,2024-04-01 20:28:57.028546
2900,4.98763,486.7478,905.0228,917.47314,23.046875,30.078125,46.679688,6.298737525939941,2024-04-01 20:29:03.327828
2901,4.98763,486.7478,905.0228,917.47314,23.046875,30.078125,46.679688,6.2789223194122314,2024-04-01 20:29:09.607244
2902,4.98763,486.7478,905.0228,917.47314,23.046875,30.078125,46.679688,6.368079900741577,2024-04-01 20:29:15.975822
2903,4.98763,486.7478,905.0228,917.5576,23.046875,30.078125,46.679688,6.222381114959717,2024-04-01 20:29:22.198698
2904,4.98763,486.7478,905.0228,917.5576,23.046875,30.078125,46.679688,6.17106819152832,2024-04-01 20:29:28.370109
2905,4.98763,486.7478,905.0228,917.5576,23.046875,30.078125,46.679688,6.2158730030059814,2024-04-01 20:29:34.586327
2906,4.98763,486.7478,905.0228,917.5576,23.046875,30.078125,46.679688,6.181626558303833,2024-04-01 20:29:40.768503
2907,4.98763,486.7478,905.0493,917.8103,23.046875,30.078125,46.679688,6.339689493179321,2024-04-01 20:29:47.108592
2908,4.98763,486.7478,905.0493,917.8103,23.046875,30.078125,46.679688,6.287318706512451,2024-04-01 20:29:53.396371
2909,4.98763,486.98352,905.1156,917.8103,23.046875,30.078125,46.679688,6.263587236404419,2024-04-01 20:29:59.660342
2910,4.98763,486.98352,905.207,917.8103,23.046875,30.078125,46.679688,6.402646064758301,2024-04-01 20:30:06.063376
2911,4.98763,486.98352,905.207,917.8103,23.046875,30.078125,46.679688,6.290076494216919,2024-04-01 20:30:12.353811
2912,4.98763,487.1543,905.207,917.8103,23.046875,30.078125,46.679688,6.130261659622192,2024-04-01 20:30:18.484460
2913,4.98763,487.1543,905.207,917.8103,23.046875,30.078125,46.679688,6.25779914855957,2024-04-01 20:30:24.742656
2914,4.98763,487.1543,905.207,917.8103,23.046875,30.078125,46.679688,6.254216432571411,2024-04-01 20:30:30.997250
2915,4.98763,487.1543,905.207,917.8103,23.046875,30.078125,46.679688,6.355313062667847,2024-04-01 20:30:37.352984
2916,4.98763,487.1543,905.207,917.92206,23.046875,30.078125,46.679688,6.256887674331665,2024-04-01 20:30:43.610372
2917,4.98763,487.1543,905.2367,917.92206,23.046875,30.078125,46.679688,6.317875385284424,2024-04-01 20:30:49.928723
2918,4.98763,487.2859,905.2367,917.92206,23.144531,30.078125,46.679688,6.282963275909424,2024-04-01 20:30:56.212074
2919,4.98763,487.2859,905.98157,918.55676,23.144531,30.078125,46.679688,6.260348081588745,2024-04-01 20:31:02.472768
2920,4.98763,487.2859,905.98157,918.55676,23.144531,30.078125,46.679688,6.325236797332764,2024-04-01 20:31:08.798391
2921,4.98763,487.2859,906.0109,918.55676,23.144531,30.078125,46.679688,6.277887582778931,2024-04-01 20:31:15.076629
2922,4.98763,487.2859,906.0109,918.55676,23.144531,30.078125,46.679688,6.2947914600372314,2024-04-01 20:31:21.372275
2923,4.98763,487.2859,906.74615,918.55676,23.144531,30.175781,46.679688,6.381065607070923,2024-04-01 20:31:27.753713
2924,4.98763,487.2859,906.9287,918.55676,23.144531,30.175781,46.679688,6.38402533531189,2024-04-01 20:31:34.138201
2925,4.98763,487.2859,906.9287,918.55676,23.144531,30.175781,46.679688,6.17788028717041,2024-04-01 20:31:40.316567
2926,4.98763,487.2859,906.984,918.55676,23.144531,30.175781,46.679688,6.403109312057495,2024-04-01 20:31:46.720087
2927,4.98763,487.2859,906.984,918.55676,23.144531,30.175781,46.679688,6.285071849822998,2024-04-01 20:31:53.005501
2928,4.98763,487.2859,906.984,918.5941,23.144531,30.175781,46.679688,6.200883865356445,2024-04-01 20:31:59.206784
2929,4.98763,487.47726,906.984,918.5941,23.144531,30.175781,46.679688,6.259103775024414,2024-04-01 20:32:05.466293
2930,4.98763,488.03723,907.83014,918.99207,23.144531,30.175781,46.679688,6.169450759887695,2024-04-01 20:32:11.636124
2931,4.98763,488.03723,908.5974,918.99207,23.144531,30.175781,46.679688,6.308064937591553,2024-04-01 20:32:17.944537
2932,4.98763,488.03723,908.642,920.48444,23.144531,30.175781,46.679688,6.343763589859009,2024-04-01 20:32:24.288704
2933,4.98763,488.03723,908.87317,922.245,23.144531,30.175781,46.679688,6.323622226715088,2024-04-01 20:32:30.612716
2934,4.98763,488.12885,909.22614,922.245,23.144531,30.175781,46.679688,6.206447601318359,2024-04-01 20:32:36.819693
2935,4.98763,488.12885,909.3927,922.245,23.144531,30.175781,46.679688,6.476486444473267,2024-04-01 20:32:43.296525
2936,4.98763,488.12885,909.5316,922.245,23.144531,30.175781,46.679688,6.247301816940308,2024-04-01 20:32:49.544238
2937,4.98763,488.12885,909.56433,922.245,23.144531,30.175781,46.679688,6.423480749130249,2024-04-01 20:32:55.968204
2938,4.98763,488.12885,909.56433,922.245,23.144531,30.175781,46.679688,6.154115438461304,2024-04-01 20:33:02.122670
2939,4.98763,488.12885,909.5895,922.533,23.144531,30.175781,46.679688,6.152179956436157,2024-04-01 20:33:08.275343
2940,4.98763,488.12885,910.2598,923.11865,23.144531,30.175781,46.679688,6.3327553272247314,2024-04-01 20:33:14.608438
2941,4.98763,488.5741,910.8452,923.11865,23.144531,30.175781,46.679688,6.290843963623047,2024-04-01 20:33:20.899673
2942,4.98763,488.5741,910.8452,923.11865,23.144531,30.175781,46.679688,6.395387172698975,2024-04-01 20:33:27.295412
2943,4.98763,488.5741,911.2462,923.5197,23.144531,30.175781,46.679688,6.267686367034912,2024-04-01 20:33:33.563530
2944,4.98763,488.5741,911.2462,924.84827,23.144531,30.175781,46.679688,6.305400371551514,2024-04-01 20:33:39.869286
2945,4.98763,488.5741,912.17444,924.84827,23.144531,30.175781,46.679688,6.125340461730957,2024-04-01 20:33:45.995004
2946,4.98763,488.5741,912.17444,925.08936,23.144531,30.175781,46.679688,6.285025596618652,2024-04-01 20:33:52.280378
2947,4.98763,488.59662,912.17444,925.08936,23.144531,30.175781,46.679688,6.298477411270142,2024-04-01 20:33:58.579231
2948,4.98763,488.59662,912.286,925.08936,23.144531,30.175781,46.679688,6.224617958068848,2024-04-01 20:34:04.804191
2949,4.98763,488.59662,912.286,925.1514,23.144531,30.175781,46.679688,6.30460000038147,2024-04-01 20:34:11.109383
2950,4.98763,489.2554,912.36584,925.1514,23.144531,30.175781,46.679688,6.326688528060913,2024-04-01 20:34:17.436454
2951,4.98763,489.2554,912.4739,925.1514,23.144531,30.175781,46.679688,6.232140779495239,2024-04-01 20:34:23.669148
2952,4.98763,489.34656,912.54065,925.1514,23.144531,30.175781,46.679688,6.165528774261475,2024-04-01 20:34:29.835150
2953,4.98763,489.34656,912.54065,925.1514,23.144531,30.175781,46.679688,6.258596897125244,2024-04-01 20:34:36.094096
2954,4.98763,489.34656,912.6371,925.3213,23.144531,30.175781,46.679688,6.332363128662109,2024-04-01 20:34:42.426813
2955,4.98763,489.34656,913.3487,926.12476,23.144531,30.175781,46.679688,6.344703197479248,2024-04-01 20:34:48.771867
2956,4.98763,489.34656,913.3487,926.12476,23.144531,30.175781,46.679688,6.161931037902832,2024-04-01 20:34:54.934495
2957,4.98763,489.34656,913.4197,926.12476,23.144531,30.175781,46.679688,6.245361804962158,2024-04-01 20:35:01.180391
2958,4.98763,489.37906,913.6323,926.15234,23.144531,30.175781,46.679688,6.240102767944336,2024-04-01 20:35:07.420884
2959,4.98763,489.37906,913.96765,926.57263,23.144531,30.175781,46.679688,6.310742616653442,2024-04-01 20:35:13.732016
2960,4.98763,489.37906,914.0303,926.57263,23.144531,30.175781,46.679688,6.18410062789917,2024-04-01 20:35:19.916465
2961,4.98763,489.5223,914.6394,926.57263,23.144531,30.175781,46.679688,6.250102996826172,2024-04-01 20:35:26.166958
2962,4.98763,489.5223,914.6394,926.57263,23.144531,30.175781,46.679688,6.178847789764404,2024-04-01 20:35:32.346150
2963,4.98763,489.5223,914.6394,926.57263,23.144531,30.175781,46.679688,6.1456618309021,2024-04-01 20:35:38.492308
2964,4.98763,489.57306,914.6394,926.57263,23.144531,30.175781,46.679688,6.186622381210327,2024-04-01 20:35:44.679320
2965,4.98763,489.57306,914.6394,926.57263,23.144531,30.175781,46.679688,6.2221081256866455,2024-04-01 20:35:50.901786
2966,4.98763,489.57306,914.90967,926.84296,23.144531,30.175781,46.679688,6.2647764682769775,2024-04-01 20:35:57.167046
2967,4.98763,489.57306,914.90967,926.84296,23.144531,30.175781,46.679688,6.233906984329224,2024-04-01 20:36:03.401299
2968,4.98763,489.57306,915.53656,926.84296,23.144531,30.175781,46.679688,6.32204532623291,2024-04-01 20:36:09.723735
2969,4.98763,489.57306,915.53656,926.84296,23.144531,30.175781,46.679688,6.440008640289307,2024-04-01 20:36:16.164332
2970,4.98763,489.66943,915.5925,927.3137,23.144531,30.175781,46.679688,6.167964696884155,2024-04-01 20:36:22.332675
2971,4.98763,489.66943,915.5925,927.3137,23.144531,30.175781,46.679688,6.211050033569336,2024-04-01 20:36:28.544106
2972,4.98763,489.66943,915.5925,927.3137,23.144531,30.175781,46.679688,6.3266918659210205,2024-04-01 20:36:34.871148
2973,4.98763,489.66943,915.5925,927.3137,23.144531,30.175781,46.679688,6.314665079116821,2024-04-01 20:36:41.186156
2974,4.98763,489.66943,915.5925,927.3137,23.144531,30.175781,46.679688,6.249010801315308,2024-04-01 20:36:47.435550
2975,4.98763,489.66943,915.5925,927.3137,23.144531,30.175781,46.679688,6.24945855140686,2024-04-01 20:36:53.685367
2976,4.98763,489.66943,915.5925,927.3137,23.144531,30.175781,46.679688,6.191161394119263,2024-04-01 20:36:59.876909
2977,4.98763,489.9654,915.7492,927.3137,23.144531,30.175781,46.679688,6.293232440948486,2024-04-01 20:37:06.170574
2978,4.98763,489.9654,915.7492,927.3137,23.144531,30.175781,46.679688,6.297340393066406,2024-04-01 20:37:12.468262
2979,4.98763,489.9654,915.7492,927.3137,23.144531,30.175781,46.679688,6.391438007354736,2024-04-01 20:37:18.860050
2980,4.98763,489.9654,915.7492,927.3137,23.144531,30.175781,46.679688,6.176339626312256,2024-04-01 20:37:25.036737
2981,4.98763,489.9654,915.7503,927.3565,23.144531,30.175781,46.679688,6.33541464805603,2024-04-01 20:37:31.372537
2982,4.98763,489.9654,915.79944,927.3565,23.144531,30.175781,46.679688,6.258768558502197,2024-04-01 20:37:37.631710
2983,4.98763,489.9654,916.8845,927.3565,23.144531,30.175781,46.679688,6.192597150802612,2024-04-01 20:37:43.824656
2984,4.98763,489.9654,916.8845,927.3565,23.144531,30.175781,46.679688,6.181744337081909,2024-04-01 20:37:50.006786
2985,4.98763,489.9654,916.8845,927.3565,23.144531,30.175781,46.679688,6.268052101135254,2024-04-01 20:37:56.275272
2986,4.98763,489.9654,916.8845,927.3565,23.144531,30.175781,46.679688,6.296693563461304,2024-04-01 20:38:02.572308
2987,4.98763,489.9654,916.8845,927.6387,23.144531,30.175781,46.679688,6.354802370071411,2024-04-01 20:38:08.927487
2988,4.98763,489.9654,916.8845,927.7637,23.144531,30.175781,46.679688,6.29792332649231,2024-04-01 20:38:15.225752
2989,4.98763,490.08768,917.2362,927.7637,23.144531,30.175781,46.679688,6.287171840667725,2024-04-01 20:38:21.513332
2990,4.98763,490.08768,917.4074,927.7637,23.144531,30.175781,46.679688,6.159066915512085,2024-04-01 20:38:27.672826
2991,4.98763,490.08768,918.11304,927.7637,23.144531,30.175781,46.679688,6.406781911849976,2024-04-01 20:38:34.079995
2992,4.98763,490.08768,918.16016,927.7637,23.144531,30.175781,46.679688,6.284111261367798,2024-04-01 20:38:40.364554
2993,4.98763,490.1801,918.2793,927.7637,23.144531,30.175781,46.679688,6.266759157180786,2024-04-01 20:38:46.631927
2994,4.98763,490.2383,918.4674,927.7637,23.144531,30.175781,46.679688,6.331563949584961,2024-04-01 20:38:52.963831
2995,4.98763,490.2383,918.53845,927.7637,23.144531,30.175781,46.679688,6.284238815307617,2024-04-01 20:38:59.248422
2996,4.98763,490.2383,918.53845,927.7637,23.144531,30.175781,46.679688,6.226619243621826,2024-04-01 20:39:05.475466
2997,4.98763,490.2383,918.53845,927.7637,23.144531,30.175781,46.679688,6.131231069564819,2024-04-01 20:39:11.607183
2998,4.98763,490.3252,918.5792,927.7637,23.144531,30.175781,46.679688,6.287392854690552,2024-04-01 20:39:17.895008
2999,4.98763,490.3252,918.58545,928.21936,23.144531,30.175781,46.679688,6.3114635944366455,2024-04-01 20:39:24.207110
3000,4.98763,490.3252,919.5209,928.21936,23.144531,30.175781,46.679688,6.34998083114624,2024-04-01 20:39:30.557435
3001,4.98763,490.3252,920.29517,928.21936,23.144531,30.175781,46.679688,6.169003486633301,2024-04-01 20:39:36.726977
3002,4.98763,490.3252,920.29517,928.21936,23.144531,30.175781,46.679688,6.324683666229248,2024-04-01 20:39:43.052112
3003,4.98763,490.3252,920.29517,928.21936,23.144531,30.175781,46.679688,6.230587959289551,2024-04-01 20:39:49.283046
3004,4.98763,490.3252,920.29517,928.21936,23.144531,30.175781,46.679688,6.295436859130859,2024-04-01 20:39:55.578833
3005,4.98763,490.52057,920.3408,928.21936,23.144531,30.175781,46.679688,6.2111921310424805,2024-04-01 20:40:01.790401
3006,4.98763,490.52057,920.37463,928.21936,23.144531,30.175781,46.679688,6.408531427383423,2024-04-01 20:40:08.199363
3007,4.98763,491.05527,920.62317,928.21936,23.144531,30.175781,46.679688,6.265397787094116,2024-04-01 20:40:14.465338
3008,4.98763,491.05527,922.00146,928.21936,23.144531,30.175781,46.679688,6.105603218078613,2024-04-01 20:40:20.571312
3009,4.98763,491.05527,922.29456,928.21936,23.144531,30.175781,46.679688,6.21675443649292,2024-04-01 20:40:26.788413
3010,4.98763,491.4353,922.29456,928.21936,23.144531,30.175781,46.679688,6.157618761062622,2024-04-01 20:40:32.946580
3011,4.98763,491.4353,922.29456,928.21936,23.144531,30.175781,46.679688,6.28948712348938,2024-04-01 20:40:39.236483
3012,4.98763,491.4353,922.30396,928.21936,23.144531,30.175781,46.679688,6.198137283325195,2024-04-01 20:40:45.435052
3013,4.98763,491.4353,922.54,928.21936,23.144531,30.175781,46.679688,6.268419981002808,2024-04-01 20:40:51.703813
3014,4.98763,491.4353,922.54,928.21936,23.144531,30.175781,46.679688,6.3375444412231445,2024-04-01 20:40:58.041705
3015,4.98763,491.53116,922.91425,928.5921,23.144531,30.175781,46.679688,6.30118203163147,2024-04-01 20:41:04.343427
3016,4.98763,491.53116,922.91425,928.5921,23.144531,30.175781,46.679688,6.271849632263184,2024-04-01 20:41:10.615830
3017,4.98763,491.53116,923.13086,928.5921,23.144531,30.175781,46.679688,6.229835510253906,2024-04-01 20:41:16.846229
3018,4.98763,491.53116,923.13086,928.5921,23.144531,30.175781,46.679688,6.33742094039917,2024-04-01 20:41:23.184190
3019,4.98763,491.53116,923.13086,928.5921,23.144531,30.175781,46.679688,6.308515548706055,2024-04-01 20:41:29.493053
3020,4.98763,491.53116,923.2932,928.99854,23.144531,30.175781,46.679688,6.378778696060181,2024-04-01 20:41:35.872410
3021,4.98763,491.53116,923.4376,928.99854,23.144531,30.175781,46.679688,6.248492240905762,2024-04-01 20:41:42.121296
3022,4.98763,491.53116,923.5465,928.99854,23.144531,30.175781,46.679688,6.226279973983765,2024-04-01 20:41:48.348098
3023,4.98763,493.34924,924.0231,928.99854,23.144531,30.175781,46.679688,6.340778112411499,2024-04-01 20:41:54.689223
3024,4.98763,493.34924,924.0823,928.99854,23.144531,30.175781,46.679688,6.1182191371917725,2024-04-01 20:42:00.807826
3025,4.98763,493.34924,924.0823,928.99854,23.144531,30.175781,46.679688,6.188036680221558,2024-04-01 20:42:06.996207
3026,4.98763,493.34924,925.0201,928.99854,23.144531,30.175781,46.679688,6.173251390457153,2024-04-01 20:42:13.169962
3027,4.98763,493.34924,925.0201,928.99854,23.144531,30.175781,46.679688,6.068360090255737,2024-04-01 20:42:19.238758
3028,4.98763,493.34924,925.29407,929.04565,23.144531,30.175781,46.679688,6.339666128158569,2024-04-01 20:42:25.578771
3029,4.98763,493.9475,925.6776,929.04565,23.144531,30.175781,46.679688,6.209040880203247,2024-04-01 20:42:31.788242
3030,4.98763,493.9475,925.80176,929.04565,23.144531,30.175781,46.679688,6.261703968048096,2024-04-01 20:42:38.050400
3031,4.98763,493.9475,925.80176,929.04565,23.144531,30.175781,46.679688,6.216858863830566,2024-04-01 20:42:44.267647
3032,4.98763,493.9475,926.0107,929.04565,23.144531,30.175781,46.679688,6.187138319015503,2024-04-01 20:42:50.455124
3033,4.98763,493.9475,926.0107,929.04565,23.144531,30.175781,46.679688,6.219484567642212,2024-04-01 20:42:56.674976
3034,4.98763,493.9475,926.0678,929.04565,23.144531,30.175781,46.679688,6.185861110687256,2024-04-01 20:43:02.861314
3035,4.98763,494.2146,926.93823,929.83527,23.144531,30.175781,46.679688,6.377732038497925,2024-04-01 20:43:09.239729
3036,4.98763,494.2146,926.93823,929.83527,23.144531,30.175781,46.679688,6.375519037246704,2024-04-01 20:43:15.615597
3037,4.98763,494.27826,926.97314,929.83527,23.144531,30.175781,46.679688,6.295830249786377,2024-04-01 20:43:21.911781
3038,4.98763,494.27826,927.17126,929.83527,23.144531,30.175781,46.679688,6.226099967956543,2024-04-01 20:43:28.138225
3039,4.98763,494.27826,927.26514,929.83527,23.144531,30.175781,46.679688,6.129026174545288,2024-04-01 20:43:34.267783
3040,4.98763,496.49005,927.26514,930.1442,23.144531,30.175781,46.679688,6.277724981307983,2024-04-01 20:43:40.545857
3041,4.98763,496.49005,927.4628,930.3303,23.144531,30.175781,46.679688,6.234297513961792,2024-04-01 20:43:46.780640
3042,4.98763,496.49005,927.6105,930.3303,23.144531,30.175781,46.679688,6.326160192489624,2024-04-01 20:43:53.107192
3043,4.98763,496.49005,927.8198,930.3303,23.144531,30.175781,46.679688,6.370720386505127,2024-04-01 20:43:59.478431
3044,4.98763,498.47052,928.3761,930.3303,23.144531,30.175781,46.679688,6.321995735168457,2024-04-01 20:44:05.800770
3045,4.98763,498.70636,928.3761,930.3303,23.144531,30.175781,46.679688,6.3545544147491455,2024-04-01 20:44:12.155708
3046,4.98763,500.15567,928.3761,932.1168,23.144531,30.175781,46.679688,6.2593653202056885,2024-04-01 20:44:18.415425
3047,4.98763,500.15567,928.3761,932.1168,23.144531,30.175781,46.679688,6.304483890533447,2024-04-01 20:44:24.720448
3048,4.98763,500.15567,928.3761,932.1168,23.144531,30.175781,46.679688,6.16155481338501,2024-04-01 20:44:30.882394
3049,4.98763,500.15567,928.6308,932.1168,23.144531,30.175781,46.679688,6.264887094497681,2024-04-01 20:44:37.147844
3050,4.98763,500.15567,928.67847,932.1168,23.144531,30.175781,46.679688,6.223382949829102,2024-04-01 20:44:43.371620
3051,4.98763,500.15567,928.67847,931.9323,23.144531,30.175781,46.777344,6.436825275421143,2024-04-01 20:44:49.808799
3052,4.98763,500.15567,928.75507,931.9323,23.144531,30.175781,46.777344,6.398589611053467,2024-04-01 20:44:56.207771
3053,4.98763,500.15567,928.75507,932.9332,23.144531,30.175781,46.777344,6.1796629428863525,2024-04-01 20:45:02.387782
3054,4.98763,500.15567,928.75507,932.9332,23.144531,30.175781,46.777344,6.330891847610474,2024-04-01 20:45:08.719091
3055,4.98763,500.15567,928.75507,932.9332,23.144531,30.175781,46.777344,6.291163921356201,2024-04-01 20:45:15.010647
3056,4.98763,500.31464,928.8776,932.9332,23.144531,30.175781,46.777344,6.34545373916626,2024-04-01 20:45:21.356549
3057,4.98763,500.31464,929.1086,932.9332,23.144531,30.175781,46.777344,6.2152040004730225,2024-04-01 20:45:27.572194
3058,4.98763,500.31464,929.11206,932.9332,23.144531,30.175781,46.777344,6.4591004848480225,2024-04-01 20:45:34.031648
3059,4.98763,500.31464,929.11206,932.9332,23.144531,30.175781,46.777344,6.212306022644043,2024-04-01 20:45:40.244450
3060,4.98763,500.50385,929.11206,932.9332,23.144531,30.175781,46.777344,6.251530170440674,2024-04-01 20:45:46.496376
3061,4.98763,500.50385,929.11206,932.9332,23.144531,30.175781,46.777344,6.322294473648071,2024-04-01 20:45:52.819052
3062,4.98763,500.7647,929.2279,932.9332,23.144531,30.175781,46.777344,6.2016777992248535,2024-04-01 20:45:59.021403
3063,4.98763,500.7647,929.2279,934.3473,23.144531,30.175781,46.777344,6.181776523590088,2024-04-01 20:46:05.203592
3064,4.98763,500.7647,929.2279,934.3473,23.144531,30.175781,46.777344,6.279033660888672,2024-04-01 20:46:11.482974
3065,4.98763,500.7647,929.58215,934.55347,23.144531,30.175781,46.777344,6.155134201049805,2024-04-01 20:46:17.638457
3066,4.98763,501.0647,929.8297,934.5745,23.144531,30.175781,46.777344,6.34952712059021,2024-04-01 20:46:23.988335
3067,4.98763,501.9908,930.75903,934.5745,23.144531,30.175781,46.777344,6.4798667430877686,2024-04-01 20:46:30.468789
3068,4.98763,501.9908,931.2827,934.64844,23.144531,30.175781,46.777344,6.2118449211120605,2024-04-01 20:46:36.681084
3069,4.98763,501.9908,931.43207,934.64844,23.144531,30.175781,46.777344,6.401804447174072,2024-04-01 20:46:43.083280
3070,4.98763,501.9908,931.48474,934.64844,23.144531,30.175781,46.777344,6.132483959197998,2024-04-01 20:46:49.216114
3071,4.98763,502.39627,932.2819,934.83655,23.144531,30.175781,46.777344,6.30306339263916,2024-04-01 20:46:55.519525
3072,4.98763,502.39627,932.4604,934.95593,23.144531,30.175781,46.777344,6.26229190826416,2024-04-01 20:47:01.782173
3073,4.98763,502.39627,932.4604,934.95593,23.144531,30.175781,46.777344,6.165688753128052,2024-04-01 20:47:07.948438
3074,4.98763,502.39627,932.4604,934.95593,23.144531,30.175781,46.777344,6.250702381134033,2024-04-01 20:47:14.199529
3075,4.98763,502.39627,932.4837,934.95593,23.144531,30.175781,46.777344,6.186865568161011,2024-04-01 20:47:20.386743
3076,4.98763,502.39627,932.4837,935.29663,23.144531,30.175781,46.777344,6.359747648239136,2024-04-01 20:47:26.746926
3077,4.98763,502.39627,932.4837,935.29663,23.144531,30.175781,46.777344,6.268334865570068,2024-04-01 20:47:33.015694
3078,4.98763,502.39627,932.4837,935.29663,23.144531,30.175781,46.777344,6.211730718612671,2024-04-01 20:47:39.227764
3079,4.98763,502.39627,932.8187,935.29663,23.144531,30.175781,46.777344,6.320137023925781,2024-04-01 20:47:45.548249
3080,4.98763,502.59778,932.8187,935.29663,23.144531,30.175781,46.777344,6.131882429122925,2024-04-01 20:47:51.680488
3081,4.98763,502.91104,932.83044,935.29663,23.144531,30.175781,46.777344,6.375150442123413,2024-04-01 20:47:58.056054
3082,4.98763,502.91104,932.83044,935.29663,23.144531,30.175781,46.777344,6.169666528701782,2024-04-01 20:48:04.226137
3083,4.98763,502.91104,933.3142,935.5715,23.144531,30.175781,46.777344,6.2769834995269775,2024-04-01 20:48:10.503470
3084,4.98763,503.1702,933.4935,935.5715,23.144531,30.175781,46.777344,6.365565061569214,2024-04-01 20:48:16.869400
3085,4.98763,503.1702,933.4935,935.5715,23.144531,30.175781,46.777344,6.428321599960327,2024-04-01 20:48:23.298217
3086,4.98763,503.1702,933.6677,935.5715,23.144531,30.175781,46.777344,6.308652639389038,2024-04-01 20:48:29.607321
3087,4.98763,503.1702,933.7433,935.5715,23.144531,30.175781,46.777344,6.276415586471558,2024-04-01 20:48:35.884082
3088,4.98763,503.1702,933.7433,935.5715,23.144531,30.175781,46.777344,6.429628133773804,2024-04-01 20:48:42.314052
3089,4.98763,503.20703,933.7892,935.5715,23.144531,30.175781,46.777344,6.380952835083008,2024-04-01 20:48:48.695351
3090,4.98763,503.20703,934.5493,935.9112,23.144531,30.175781,46.777344,6.236681699752808,2024-04-01 20:48:54.932479
3091,4.98763,503.20703,934.6607,935.9112,23.144531,30.175781,46.777344,6.363504886627197,2024-04-01 20:49:01.296389
3092,4.98763,503.35632,934.6607,934.37756,23.144531,30.175781,46.875,6.18682074546814,2024-04-01 20:49:07.483656
3093,4.98763,504.14972,934.6607,934.37756,23.144531,30.175781,46.875,6.343532562255859,2024-04-01 20:49:13.827682
3094,4.98763,504.14972,934.6607,934.37756,23.144531,30.175781,46.875,6.256711721420288,2024-04-01 20:49:20.084739
3095,4.98763,504.14972,934.6607,934.37756,23.144531,30.175781,46.875,6.279799699783325,2024-04-01 20:49:26.364925
3096,4.98763,504.14972,934.6607,934.4706,23.144531,30.175781,46.875,6.282442092895508,2024-04-01 20:49:32.647746
3097,4.98763,504.14972,934.6607,934.4706,23.144531,30.175781,46.875,6.220431566238403,2024-04-01 20:49:38.868523
3098,4.98763,504.14972,934.68256,931.367,23.144531,30.175781,46.972656,6.218139410018921,2024-04-01 20:49:45.087211
3099,4.98763,504.14972,934.81433,931.4988,23.144531,30.175781,46.972656,6.324049472808838,2024-04-01 20:49:51.411604
3100,4.98763,504.492,934.81433,931.57465,23.144531,30.175781,46.972656,6.269675970077515,2024-04-01 20:49:57.681625
3101,4.98763,504.492,934.81433,931.57465,23.144531,30.175781,46.972656,6.216936111450195,2024-04-01 20:50:03.898951
3102,4.98763,504.68158,934.81433,932.69055,23.144531,30.175781,46.972656,6.182713747024536,2024-04-01 20:50:10.082073
3103,4.98763,504.68158,934.81433,932.69055,23.144531,30.175781,46.972656,6.305096864700317,2024-04-01 20:50:16.387513
3104,4.98763,504.94904,935.1909,932.69055,23.144531,30.175781,46.972656,6.255041837692261,2024-04-01 20:50:22.642904
3105,4.98763,504.94904,935.3695,932.69055,23.144531,30.175781,46.972656,6.336696624755859,2024-04-01 20:50:28.979945
3106,4.98763,505.0221,935.58734,932.69055,23.242188,30.175781,46.972656,6.103541135787964,2024-04-01 20:50:35.083832
3107,4.98763,505.0221,935.58734,932.69055,23.242188,30.175781,46.972656,6.442716598510742,2024-04-01 20:50:41.526904
3108,4.98763,505.0221,935.58734,932.69055,23.242188,30.175781,46.972656,6.282640695571899,2024-04-01 20:50:47.809886
3109,4.98763,505.0221,935.58734,932.69055,23.242188,30.175781,46.972656,6.405542612075806,2024-04-01 20:50:54.215836
3110,4.98763,505.0221,935.65546,932.69055,23.242188,30.175781,46.972656,6.310964584350586,2024-04-01 20:51:00.527145
3111,4.98763,505.0221,935.65546,933.98206,23.242188,30.175781,46.972656,6.280142545700073,2024-04-01 20:51:06.807777
3112,4.98763,505.0221,935.65546,933.98206,23.242188,30.175781,46.972656,6.213683605194092,2024-04-01 20:51:13.021852
3113,4.98763,505.0221,935.68787,933.98206,23.242188,30.175781,46.972656,6.172261476516724,2024-04-01 20:51:19.194464
3114,4.98763,505.0221,935.74084,934.6013,23.242188,30.175781,46.972656,6.303114414215088,2024-04-01 20:51:25.497992
3115,4.98763,505.0221,935.74084,934.6013,23.242188,30.175781,46.972656,6.312604904174805,2024-04-01 20:51:31.810976
3116,4.98763,505.0221,935.7607,934.6013,23.242188,30.175781,46.972656,6.242208242416382,2024-04-01 20:51:38.053531
3117,4.98763,505.0221,935.7607,934.6013,23.242188,30.175781,46.972656,6.326260566711426,2024-04-01 20:51:44.380273
3118,4.98763,505.0221,935.7607,934.6013,23.242188,30.175781,46.972656,6.410964727401733,2024-04-01 20:51:50.791634
3119,4.98763,505.0221,935.7607,934.6013,23.242188,30.175781,46.972656,6.100070476531982,2024-04-01 20:51:56.892115
3120,4.98763,505.0221,936.03845,934.6013,23.242188,30.175781,46.972656,6.319630861282349,2024-04-01 20:52:03.212094
3121,4.98763,505.0221,936.03845,934.6013,23.242188,30.175781,46.972656,6.294720411300659,2024-04-01 20:52:09.507174
3122,4.98763,505.0221,936.03845,934.6013,23.242188,30.175781,46.972656,6.42961573600769,2024-04-01 20:52:15.937472
3123,4.98763,505.1413,936.03845,937.414,23.242188,30.175781,46.972656,6.289423704147339,2024-04-01 20:52:22.227285
3124,4.98763,505.15433,936.6194,937.414,23.242188,30.175781,46.972656,6.271446466445923,2024-04-01 20:52:28.499229
3125,4.98763,506.20398,937.2622,937.827,23.242188,30.175781,46.972656,6.273787498474121,2024-04-01 20:52:34.773383
3126,4.98763,506.20398,937.2622,937.827,23.242188,30.175781,46.972656,6.452903985977173,2024-04-01 20:52:41.226833
3127,4.98763,506.20398,937.37024,937.827,23.242188,30.175781,46.972656,6.256746292114258,2024-04-01 20:52:47.483978
3128,4.98763,506.22144,937.41907,937.827,23.242188,30.175781,46.972656,6.183099269866943,2024-04-01 20:52:53.667422
3129,4.98763,506.22144,937.41907,938.4095,23.242188,30.175781,46.972656,6.130095958709717,2024-04-01 20:52:59.797859
3130,4.98763,506.22144,937.5072,938.4095,23.242188,30.175781,46.972656,6.471525430679321,2024-04-01 20:53:06.269751
3131,4.98763,506.22144,938.0232,938.4095,23.242188,30.175781,46.972656,6.286645412445068,2024-04-01 20:53:12.556790
3132,4.98763,506.76007,938.0232,938.4095,23.242188,30.175781,46.972656,6.2653303146362305,2024-04-01 20:53:18.822507
3133,4.98763,506.76007,938.0232,938.4095,23.242188,30.175781,46.972656,6.159953355789185,2024-04-01 20:53:24.982931
3134,4.98763,506.76007,938.0968,938.4095,23.242188,30.175781,46.972656,6.349144458770752,2024-04-01 20:53:31.332586
3135,4.98763,506.76007,938.29584,938.4095,23.242188,30.175781,46.972656,6.31163477897644,2024-04-01 20:53:37.644614
3136,4.98763,506.8816,938.52435,938.4095,23.242188,30.175781,46.972656,6.366333484649658,2024-04-01 20:53:44.011349
3137,4.98763,506.8816,938.52435,938.4095,23.242188,30.175781,46.972656,6.3383917808532715,2024-04-01 20:53:50.350092
3138,4.98763,507.0324,938.58875,938.4095,23.242188,30.175781,46.972656,6.214038610458374,2024-04-01 20:53:56.564667
3139,4.98763,507.0324,938.58875,938.4095,23.242188,30.175781,46.972656,6.261956453323364,2024-04-01 20:54:02.827012
3140,4.98763,507.0324,938.58875,938.4095,23.242188,30.175781,46.972656,6.245875120162964,2024-04-01 20:54:09.073426
3141,4.98763,507.39175,938.7775,938.4095,23.242188,30.175781,46.972656,6.273512840270996,2024-04-01 20:54:15.347340
3142,4.98763,507.39175,938.7775,938.4095,23.242188,30.175781,46.972656,6.3017542362213135,2024-04-01 20:54:21.649551
3143,4.98763,507.39175,938.7775,938.4095,23.242188,30.175781,46.972656,6.125661849975586,2024-04-01 20:54:27.775796
3144,4.98763,507.39175,938.85284,938.4095,23.242188,30.175781,46.972656,6.335546016693115,2024-04-01 20:54:34.111691
3145,4.98763,507.39175,938.9104,938.4095,23.242188,30.175781,46.972656,6.427586317062378,2024-04-01 20:54:40.539627
3146,4.98763,507.39175,939.7266,938.4095,23.242188,30.175781,46.972656,6.129704236984253,2024-04-01 20:54:46.669704
3147,4.98763,507.39175,939.99603,938.4095,23.242188,30.175781,46.972656,6.3662779331207275,2024-04-01 20:54:53.036383
3148,4.98763,507.46158,940.0808,938.4095,23.242188,30.175781,46.972656,6.389297246932983,2024-04-01 20:54:59.426064
3149,4.98763,508.12766,940.12244,938.4095,23.242188,30.175781,46.972656,6.264228105545044,2024-04-01 20:55:05.690709
3150,4.98763,508.12766,940.12244,941.12256,23.242188,30.175781,46.972656,6.206906795501709,2024-04-01 20:55:11.898005
3151,4.98763,508.12766,940.12244,941.12256,23.242188,30.175781,46.972656,6.381851673126221,2024-04-01 20:55:18.280353
3152,4.98763,508.12766,940.2359,941.12256,23.242188,30.175781,46.972656,6.244290828704834,2024-04-01 20:55:24.525187
3153,4.98763,508.12766,940.2359,942.44934,23.242188,30.175781,46.972656,6.182752370834351,2024-04-01 20:55:30.708467
3154,4.98763,508.4536,940.3136,942.44934,23.242188,30.175781,46.972656,6.378549575805664,2024-04-01 20:55:37.087422
3155,4.98763,508.4536,940.3136,942.44934,23.242188,30.175781,46.972656,6.245723247528076,2024-04-01 20:55:43.333490
3156,4.98763,508.93076,940.3136,942.4842,23.242188,30.175781,46.972656,6.178827524185181,2024-04-01 20:55:49.512997
3157,4.98763,508.93076,940.34283,945.98364,23.242188,30.175781,47.070312,6.3337180614471436,2024-04-01 20:55:55.847098
3158,4.98763,508.93076,940.5296,945.98364,23.242188,30.175781,47.070312,6.463968276977539,2024-04-01 20:56:02.311498
3159,4.98763,508.93076,940.4988,945.98364,23.242188,30.273438,47.070312,6.081131458282471,2024-04-01 20:56:08.393190
3160,4.98763,508.93076,940.4988,945.98364,23.242188,30.273438,47.070312,6.310036659240723,2024-04-01 20:56:14.703604
3161,4.98763,508.93076,940.4988,947.3224,23.242188,30.273438,47.070312,6.342290878295898,2024-04-01 20:56:21.046249
3162,4.98763,508.93076,940.4988,947.3224,23.242188,30.273438,47.070312,6.140854835510254,2024-04-01 20:56:27.187597
3163,4.98763,508.93076,940.4988,947.37317,23.242188,30.273438,47.070312,6.237931966781616,2024-04-01 20:56:33.426099
3164,4.98763,509.0723,940.4988,947.5107,23.242188,30.273438,47.070312,6.13587498664856,2024-04-01 20:56:39.562316
3165,4.98763,509.23145,940.727,947.6353,23.242188,30.273438,47.070312,6.426872968673706,2024-04-01 20:56:45.989680
3166,4.98763,509.23145,940.9911,947.6353,23.242188,30.273438,47.070312,6.407016754150391,2024-04-01 20:56:52.397092
3167,4.98763,509.23145,941.1058,947.6353,23.242188,30.273438,47.070312,6.322198867797852,2024-04-01 20:56:58.719762
3168,4.98763,509.23145,941.2703,947.6353,23.242188,30.273438,47.070312,6.205351114273071,2024-04-01 20:57:04.925638
3169,4.98763,509.23145,941.2703,947.6353,23.242188,30.273438,47.070312,6.345474720001221,2024-04-01 20:57:11.271498
3170,4.98763,509.4519,941.2703,947.6353,23.242188,30.273438,47.070312,6.150263547897339,2024-04-01 20:57:17.422108
3171,4.98763,509.4519,941.2703,947.6353,23.242188,30.273438,47.070312,6.199528694152832,2024-04-01 20:57:23.621977
3172,4.98763,509.82617,941.2703,947.6353,23.242188,30.273438,47.070312,6.31419038772583,2024-04-01 20:57:29.936685
3173,4.98763,509.82617,941.353,947.6353,23.242188,30.273438,47.070312,6.414604663848877,2024-04-01 20:57:36.351727
3174,4.98763,509.82617,941.43896,947.6353,23.242188,30.273438,47.070312,6.10405158996582,2024-04-01 20:57:42.456117
3175,4.98763,509.82617,941.43896,947.6353,23.242188,30.273438,47.070312,6.2283196449279785,2024-04-01 20:57:48.684784
3176,4.98763,509.82617,941.43896,947.6353,23.242188,30.273438,47.070312,6.418755292892456,2024-04-01 20:57:55.103922
3177,4.98763,509.82617,941.43896,947.6353,23.242188,30.273438,47.070312,6.422786712646484,2024-04-01 20:58:01.527051
3178,4.98763,510.58948,942.2943,947.6353,23.242188,30.273438,47.070312,6.245055675506592,2024-04-01 20:58:07.772449
3179,4.98763,510.58948,942.5465,947.6353,23.242188,30.273438,47.070312,6.038711071014404,2024-04-01 20:58:13.811551
3180,4.98763,510.58948,942.62036,947.6353,23.242188,30.273438,47.070312,6.264507293701172,2024-04-01 20:58:20.076403
3181,4.98763,510.58948,942.81287,947.6353,23.242188,30.273438,47.070312,6.285478830337524,2024-04-01 20:58:26.362438
3182,4.98763,510.58948,942.89734,947.6353,23.242188,30.273438,47.070312,6.312998056411743,2024-04-01 20:58:32.675787
3183,4.98763,510.58948,942.89734,947.6353,23.242188,30.273438,47.070312,6.167713642120361,2024-04-01 20:58:38.843927
3184,4.98763,510.90485,943.116,947.6353,23.242188,30.273438,47.070312,6.259494066238403,2024-04-01 20:58:45.103768
3185,4.98763,513.6716,943.116,947.6353,23.242188,30.273438,47.070312,6.155879497528076,2024-04-01 20:58:51.260011
3186,4.98763,514.6974,943.26575,947.6353,23.242188,30.273438,47.070312,6.289085626602173,2024-04-01 20:58:57.549443
3187,4.98763,514.6974,943.2701,947.6353,23.242188,30.273438,47.070312,6.048047065734863,2024-04-01 20:59:03.597928
3188,4.98763,514.8349,943.3771,947.6353,23.242188,30.273438,47.070312,6.349804401397705,2024-04-01 20:59:09.948147
3189,4.98763,514.8349,943.40295,947.6353,23.242188,30.273438,47.070312,6.192122936248779,2024-04-01 20:59:16.140709
3190,4.98763,514.8349,943.5042,947.6353,23.242188,30.273438,47.070312,6.426745176315308,2024-04-01 20:59:22.567835
3191,4.98763,514.8349,943.71313,947.6353,23.242188,30.273438,47.070312,6.298126697540283,2024-04-01 20:59:28.866334
3192,4.98763,514.8349,943.71313,947.6353,23.242188,30.273438,47.070312,6.403242826461792,2024-04-01 20:59:35.270137
3193,4.98763,514.8349,943.71313,947.6353,23.242188,30.273438,47.070312,6.161726474761963,2024-04-01 20:59:41.432210
3194,4.98763,514.8349,944.2191,947.6353,23.242188,30.273438,47.070312,6.393006324768066,2024-04-01 20:59:47.825566
3195,4.98763,514.8349,944.55585,947.6353,23.242188,30.273438,47.070312,6.281246900558472,2024-04-01 20:59:54.107251
3196,4.98763,514.8349,944.84015,947.90393,23.242188,30.273438,47.070312,6.306514501571655,2024-04-01 21:00:00.414138
3197,4.98763,514.8349,944.84015,947.90393,23.242188,30.273438,47.070312,6.29439115524292,2024-04-01 21:00:06.708918
3198,4.98763,514.8349,944.84015,947.90393,23.242188,30.273438,47.070312,6.1576926708221436,2024-04-01 21:00:12.866984
3199,4.98763,514.9012,944.881,947.90393,23.242188,30.273438,47.070312,6.300264596939087,2024-04-01 21:00:19.167608
3200,4.98763,514.9012,944.881,947.90393,23.242188,30.273438,47.070312,6.171986103057861,2024-04-01 21:00:25.339939
3201,4.98763,514.9012,945.0161,947.90393,23.242188,30.273438,47.070312,6.327391862869263,2024-04-01 21:00:31.667863
3202,4.98763,514.9012,945.0161,947.90393,23.242188,30.273438,47.070312,6.265266180038452,2024-04-01 21:00:37.933737
3203,4.98763,514.9012,945.0161,947.90393,23.242188,30.273438,47.070312,6.254743576049805,2024-04-01 21:00:44.188869
3204,4.98763,515.2983,946.55133,948.0869,23.242188,30.273438,47.070312,6.309561014175415,2024-04-01 21:00:50.498862
3205,4.98763,515.2983,946.55133,948.0869,23.242188,30.273438,47.070312,6.3593909740448,2024-04-01 21:00:56.858599
3206,4.98763,515.2983,946.57153,948.0869,23.242188,30.273438,47.070312,6.320231199264526,2024-04-01 21:01:03.179356
3207,4.98763,515.2983,946.57153,948.0869,23.242188,30.273438,47.070312,6.384263515472412,2024-04-01 21:01:09.564151
3208,4.98763,515.2983,946.57153,948.0869,23.242188,30.273438,47.070312,6.30301308631897,2024-04-01 21:01:15.867620
3209,4.98763,515.2983,947.2175,948.49097,23.242188,30.273438,47.070312,6.260310649871826,2024-04-01 21:01:22.128380
3210,4.98763,515.2983,947.4856,948.49097,23.242188,30.273438,47.070312,6.258150339126587,2024-04-01 21:01:28.386970
3211,4.98763,515.2983,947.5266,948.49097,23.242188,30.273438,47.070312,6.191048860549927,2024-04-01 21:01:34.578549
3212,4.98763,515.2983,947.5266,948.49097,23.242188,30.273438,47.070312,6.396226406097412,2024-04-01 21:01:40.975119
3213,4.98763,516.1964,947.6577,948.49097,23.242188,30.273438,47.070312,6.241391897201538,2024-04-01 21:01:47.216861
3214,4.98763,516.1964,947.76105,948.49097,23.242188,30.273438,47.070312,6.178368330001831,2024-04-01 21:01:53.395615
3215,4.98763,516.1964,948.1072,948.49097,23.242188,30.273438,47.070312,6.359879016876221,2024-04-01 21:01:59.755847
3216,4.98763,516.1964,948.1072,948.49097,23.242188,30.273438,47.070312,6.218959093093872,2024-04-01 21:02:05.975152
3217,4.98763,516.1964,948.1178,948.49097,23.242188,30.273438,47.070312,6.307831287384033,2024-04-01 21:02:12.283506
3218,4.98763,516.1964,948.1178,948.49097,23.242188,30.273438,47.070312,6.224538564682007,2024-04-01 21:02:18.508393
3219,4.98763,516.8279,948.12463,948.49097,23.242188,30.273438,47.070312,6.27161717414856,2024-04-01 21:02:24.780399
3220,4.98763,516.8279,948.20715,948.49097,23.242188,30.273438,47.070312,6.217929363250732,2024-04-01 21:02:30.998810
3221,4.98763,516.8279,948.20715,948.49097,23.242188,30.273438,47.070312,6.355167627334595,2024-04-01 21:02:37.354425
3222,4.98763,516.8279,948.20715,949.2475,23.242188,30.273438,47.070312,6.257663011550903,2024-04-01 21:02:43.612431
3223,4.98763,516.8279,948.20715,949.2475,23.242188,30.273438,47.070312,6.302671432495117,2024-04-01 21:02:49.915503
3224,4.98763,516.8279,948.20715,949.2475,23.242188,30.273438,47.070312,6.1270592212677,2024-04-01 21:02:56.042903
3225,4.98763,516.8279,948.20715,949.2475,23.242188,30.273438,47.070312,6.308543682098389,2024-04-01 21:03:02.351785
3226,4.98763,516.8279,948.6455,949.30835,23.242188,30.273438,47.070312,6.224189281463623,2024-04-01 21:03:08.576326
3227,4.98763,516.99976,948.6455,949.30835,23.242188,30.273438,47.070312,6.27180290222168,2024-04-01 21:03:14.848519
3228,4.98763,516.99976,948.6455,949.30835,23.242188,30.273438,47.070312,6.347090244293213,2024-04-01 21:03:21.196044
3229,4.98763,516.99976,948.6455,949.30835,23.242188,30.273438,47.070312,6.33104681968689,2024-04-01 21:03:27.527449
3230,4.98763,517.3563,948.6455,949.30835,23.242188,30.273438,47.070312,6.192146062850952,2024-04-01 21:03:33.720052
3231,4.98763,517.3563,948.6455,949.30835,23.242188,30.273438,47.070312,6.2745654582977295,2024-04-01 21:03:39.994971
3232,4.98763,517.3563,948.6455,949.30835,23.242188,30.273438,47.070312,6.27756404876709,2024-04-01 21:03:46.272882
3233,4.98763,518.6387,949.45703,949.82196,23.242188,30.273438,47.070312,6.333428382873535,2024-04-01 21:03:52.606692
3234,4.98763,518.6387,949.6048,949.82196,23.242188,30.273438,47.070312,6.33407998085022,2024-04-01 21:03:58.941112
3235,4.98763,518.6387,949.6048,949.82196,23.242188,30.273438,47.070312,6.230843544006348,2024-04-01 21:04:05.172500
3236,4.98763,518.6387,949.6071,949.82196,23.242188,30.273438,47.070312,6.338117361068726,2024-04-01 21:04:11.511021
3237,4.98763,519.94104,949.6071,949.82196,23.242188,30.273438,47.070312,6.337207794189453,2024-04-01 21:04:17.848573
3238,4.98763,519.94104,949.6071,949.82196,23.242188,30.273438,47.070312,6.337908506393433,2024-04-01 21:04:24.186881
3239,4.98763,519.94104,949.6071,949.82196,23.242188,30.273438,47.070312,6.324541330337524,2024-04-01 21:04:30.511928
3240,4.98763,519.94104,949.77454,950.5841,23.242188,30.273438,47.070312,6.299351930618286,2024-04-01 21:04:36.811812
3241,4.98763,519.94104,949.77454,950.5841,23.242188,30.273438,47.070312,6.134493112564087,2024-04-01 21:04:42.946783
3242,4.98763,519.94104,949.84534,950.5841,23.242188,30.273438,47.070312,6.2935075759887695,2024-04-01 21:04:49.240687
3243,4.98763,520.4096,950.1168,950.5841,23.242188,30.273438,47.070312,6.251352310180664,2024-04-01 21:04:55.492428
3244,4.98763,520.4096,950.1168,950.5841,23.242188,30.273438,47.070312,6.263680458068848,2024-04-01 21:05:01.756499
3245,4.98763,520.4995,950.5228,950.5841,23.242188,30.273438,47.070312,6.286709308624268,2024-04-01 21:05:08.043602
3246,4.98763,520.4995,950.5228,950.5841,23.242188,30.273438,47.070312,6.3135986328125,2024-04-01 21:05:14.357544
3247,4.98763,520.4995,950.5228,950.5841,23.242188,30.273438,47.070312,6.260794639587402,2024-04-01 21:05:20.618729
3248,4.98763,520.4995,950.5228,951.0924,23.242188,30.273438,47.070312,6.367335081100464,2024-04-01 21:05:26.986655
3249,4.98763,520.4995,950.5228,951.0924,23.242188,30.273438,47.070312,6.3280744552612305,2024-04-01 21:05:33.315178
3250,4.98763,520.4995,950.5228,951.0924,23.242188,30.273438,47.070312,6.2159974575042725,2024-04-01 21:05:39.531523
3251,4.98763,520.4995,950.6689,951.0924,23.242188,30.273438,47.070312,6.2918455600738525,2024-04-01 21:05:45.823705
3252,4.98763,520.4995,950.6689,951.0924,23.242188,30.273438,47.070312,6.106148958206177,2024-04-01 21:05:51.930199
3253,4.98763,520.4995,950.92834,951.0924,23.242188,30.273438,47.070312,6.289632320404053,2024-04-01 21:05:58.220203
3254,4.98763,520.4995,951.02014,951.0924,23.242188,30.273438,47.070312,6.208200931549072,2024-04-01 21:06:04.428758
3255,4.98763,520.4995,951.13385,951.0924,23.242188,30.273438,47.070312,6.3453288078308105,2024-04-01 21:06:10.774473
3256,4.98763,520.4995,951.20966,951.0924,23.242188,30.273438,47.070312,6.304476261138916,2024-04-01 21:06:17.079488
3257,4.98763,520.4995,951.20966,951.0924,23.242188,30.273438,47.070312,6.365448474884033,2024-04-01 21:06:23.445458
3258,4.98763,520.4995,951.20966,951.0924,23.242188,30.273438,47.070312,6.398492336273193,2024-04-01 21:06:29.844339
3259,4.98763,520.4995,951.23,951.51904,23.242188,30.273438,47.070312,6.186554193496704,2024-04-01 21:06:36.031264
3260,4.98763,520.4995,951.2566,951.77124,23.242188,30.273438,47.070312,6.2832372188568115,2024-04-01 21:06:42.314852
3261,4.98763,520.4995,951.26807,951.77124,23.242188,30.273438,47.070312,6.200681924819946,2024-04-01 21:06:48.515884
3262,4.98763,522.6531,951.26807,951.77124,23.242188,30.273438,47.070312,6.2956788539886475,2024-04-01 21:06:54.811907
3263,4.98763,523.219,951.5231,951.77124,23.242188,30.273438,47.070312,6.403854131698608,2024-04-01 21:07:01.216301
3264,4.98763,523.219,951.5231,951.77124,23.242188,30.273438,47.070312,6.329334020614624,2024-04-01 21:07:07.546032
3265,4.98763,523.219,951.5231,951.77124,23.242188,30.273438,47.070312,6.171724796295166,2024-04-01 21:07:13.718451
3266,4.98763,523.219,951.5231,951.77124,23.242188,30.273438,47.070312,6.213326692581177,2024-04-01 21:07:19.932395
3267,4.98763,523.219,951.6014,951.77124,23.242188,30.273438,47.070312,6.310887575149536,2024-04-01 21:07:26.243809
3268,4.98763,523.266,951.6014,951.77124,23.242188,30.273438,47.070312,6.390435695648193,2024-04-01 21:07:32.634586
3269,4.98763,523.266,951.6014,951.77124,23.242188,30.273438,47.070312,6.292240381240845,2024-04-01 21:07:38.927177
3270,4.98763,523.266,951.6014,951.77124,23.242188,30.273438,47.070312,6.262787580490112,2024-04-01 21:07:45.190340
3271,4.98763,523.266,951.6014,951.77124,23.242188,30.273438,47.070312,6.243669271469116,2024-04-01 21:07:51.434368
3272,4.98763,523.266,951.6029,951.77124,23.242188,30.273438,47.070312,6.273638010025024,2024-04-01 21:07:57.708379
3273,4.98763,523.266,951.6029,951.77124,23.242188,30.273438,47.070312,6.191568374633789,2024-04-01 21:08:03.900323
3274,4.98763,523.4855,951.75354,952.0214,23.242188,30.273438,47.070312,6.260641813278198,2024-04-01 21:08:10.161342
3275,4.98763,523.4895,951.75354,952.0214,23.242188,30.273438,47.070312,6.242592096328735,2024-04-01 21:08:16.404317
3276,4.98763,523.4895,952.38556,952.0214,23.242188,30.273438,47.070312,6.174500465393066,2024-04-01 21:08:22.579186
3277,4.98763,523.4895,952.38556,952.0214,23.242188,30.273438,47.070312,6.199535369873047,2024-04-01 21:08:28.779063
3278,4.98763,523.4895,952.6172,952.0804,23.242188,30.273438,47.070312,6.2049407958984375,2024-04-01 21:08:34.984410
3279,4.98763,523.4895,952.76587,952.0804,23.242188,30.273438,47.070312,6.217674255371094,2024-04-01 21:08:41.202475
3280,4.98763,523.4895,953.9254,952.0804,23.242188,30.273438,47.070312,6.277985572814941,2024-04-01 21:08:47.480858
3281,4.98763,523.4895,953.9254,952.0804,23.242188,30.273438,47.070312,6.270336389541626,2024-04-01 21:08:53.751583
3282,4.98763,523.4895,953.9254,952.8031,23.242188,30.273438,47.070312,6.388198137283325,2024-04-01 21:09:00.140122
3283,4.98763,523.4895,954.0055,952.8031,23.242188,30.273438,47.070312,6.226963043212891,2024-04-01 21:09:06.367436
3284,4.98763,523.4895,954.0452,952.8031,23.242188,30.273438,47.070312,6.41821551322937,2024-04-01 21:09:12.786001
3285,4.98763,523.5193,954.0452,952.8031,23.242188,30.273438,47.070312,6.254045724868774,2024-04-01 21:09:19.040399
3286,4.98763,523.5193,954.0452,952.8031,23.242188,30.273438,47.070312,6.277480602264404,2024-04-01 21:09:25.318268
3287,4.98763,523.5193,954.23206,952.8031,23.242188,30.273438,47.070312,6.110469579696655,2024-04-01 21:09:31.429214
3288,4.98763,523.5193,954.23206,952.8031,23.242188,30.273438,47.070312,6.290944337844849,2024-04-01 21:09:37.720583
3289,4.98763,523.5193,954.24194,952.8031,23.242188,30.273438,47.070312,6.162630796432495,2024-04-01 21:09:43.883792
3290,4.98763,523.58124,954.3976,952.8031,23.242188,30.273438,47.070312,6.323081970214844,2024-04-01 21:09:50.207294
3291,4.98763,523.58124,955.1343,952.8031,23.242188,30.273438,47.070312,6.309828042984009,2024-04-01 21:09:56.517522
3292,4.98763,523.58124,955.1393,952.9326,23.242188,30.273438,47.070312,6.364938497543335,2024-04-01 21:10:02.882906
3293,4.98763,523.58124,955.1393,952.9326,23.242188,30.273438,47.070312,5.97977352142334,2024-04-01 21:10:08.863117
3294,4.98763,523.58124,955.1393,952.9326,23.242188,30.273438,47.070312,6.276496171951294,2024-04-01 21:10:15.140146
3295,4.98763,523.58124,955.1393,952.9326,23.242188,30.273438,47.070312,6.262906789779663,2024-04-01 21:10:21.403598
3296,4.98763,523.58124,955.22266,952.9326,23.242188,30.273438,47.070312,6.3169941902160645,2024-04-01 21:10:27.720935
3297,4.98763,523.7207,956.00916,952.9326,23.242188,30.273438,47.070312,6.3185484409332275,2024-04-01 21:10:34.040016
3298,4.98763,523.7207,956.1013,952.9326,23.242188,30.273438,47.070312,6.249583721160889,2024-04-01 21:10:40.289948
3299,4.98763,523.7207,956.249,953.0609,23.242188,30.273438,47.070312,6.36819863319397,2024-04-01 21:10:46.658510
3300,4.98763,523.7207,956.47974,953.3408,23.242188,30.273438,47.070312,6.265524625778198,2024-04-01 21:10:52.924385
3301,4.98763,523.7207,956.54834,953.3408,23.242188,30.273438,47.070312,6.258202075958252,2024-04-01 21:10:59.182963
3302,4.98763,524.4846,956.5978,953.3408,23.242188,30.273438,47.070312,6.241594552993774,2024-04-01 21:11:05.424939
3303,4.98763,524.4846,956.5978,953.3408,23.242188,30.273438,47.070312,6.285846948623657,2024-04-01 21:11:11.711183
3304,4.98763,524.4846,956.61365,953.3408,23.242188,30.273438,47.070312,6.291405439376831,2024-04-01 21:11:18.002940
3305,4.98763,524.4846,956.61365,954.1509,23.242188,30.273438,47.070312,6.47161340713501,2024-04-01 21:11:24.474894
3306,4.98763,524.4846,956.61365,954.1509,23.242188,30.273438,47.070312,6.21536660194397,2024-04-01 21:11:30.690743
3307,4.98763,524.4846,956.6742,954.3651,23.242188,30.273438,47.070312,6.288135766983032,2024-04-01 21:11:36.979220
3308,4.98763,524.4846,956.6742,954.3651,23.242188,30.273438,47.070312,6.356523275375366,2024-04-01 21:11:43.336085
3309,4.98763,524.4846,956.69727,954.7837,23.242188,30.273438,47.070312,6.221417427062988,2024-04-01 21:11:49.557851
3310,4.98763,524.8284,956.69727,955.00055,23.242188,30.273438,47.070312,6.336974620819092,2024-04-01 21:11:55.895219
3311,4.98763,524.8284,956.69727,955.00055,23.242188,30.273438,47.070312,6.352061748504639,2024-04-01 21:12:02.247813
3312,4.98763,524.8284,956.69727,955.00055,23.242188,30.273438,47.070312,6.283208131790161,2024-04-01 21:12:08.531362
3313,4.98763,524.8284,956.69727,955.4768,23.242188,30.273438,47.070312,6.278781414031982,2024-04-01 21:12:14.810501
3314,4.98763,524.8284,956.69727,955.4768,23.242188,30.273438,47.070312,6.475768089294434,2024-04-01 21:12:21.286761
3315,4.98763,524.8284,956.70447,955.4768,23.242188,30.273438,47.070312,6.2877960205078125,2024-04-01 21:12:27.574909
3316,4.98763,524.8284,956.9072,955.4768,23.242188,30.273438,47.070312,6.28866171836853,2024-04-01 21:12:33.863970
3317,4.98763,525.21643,957.068,956.31726,23.242188,30.273438,47.070312,6.2072434425354,2024-04-01 21:12:40.071564
3318,4.98763,525.21643,957.068,956.31726,23.242188,30.273438,47.070312,6.209149360656738,2024-04-01 21:12:46.281092
3319,4.98763,525.21643,957.0808,956.31726,23.242188,30.273438,47.070312,6.325054407119751,2024-04-01 21:12:52.606695
3320,4.98763,525.21643,957.11694,956.31726,23.242188,30.273438,47.070312,6.220096826553345,2024-04-01 21:12:58.827130
3321,4.98763,525.21643,957.11694,956.31726,23.242188,30.273438,47.070312,6.240200042724609,2024-04-01 21:13:05.067678
3322,4.98763,525.21643,957.11694,956.31726,23.242188,30.273438,47.070312,6.3250885009765625,2024-04-01 21:13:11.393104
3323,4.98763,525.21643,957.24805,956.31726,23.242188,30.273438,47.070312,6.264476776123047,2024-04-01 21:13:17.658066
3324,4.98763,525.21643,957.2559,956.31726,23.242188,30.273438,47.070312,6.157573461532593,2024-04-01 21:13:23.816135
3325,4.98763,525.21643,957.2559,956.31726,23.242188,30.273438,47.070312,6.308964967727661,2024-04-01 21:13:30.125582
3326,4.98763,525.21643,958.00433,956.31726,23.242188,30.273438,47.070312,6.197067022323608,2024-04-01 21:13:36.323185
3327,4.98763,525.7942,958.0596,956.31726,23.242188,30.273438,47.070312,6.312664270401001,2024-04-01 21:13:42.636343
3328,4.98763,525.7942,958.0596,956.31726,23.242188,30.273438,47.070312,6.288584232330322,2024-04-01 21:13:48.925305
3329,4.98763,525.7942,958.1983,956.6474,23.242188,30.273438,47.070312,6.137519359588623,2024-04-01 21:13:55.063219
3330,4.98763,525.7942,958.1983,956.6474,23.242188,30.273438,47.070312,6.32478928565979,2024-04-01 21:14:01.388383
3331,4.98763,525.97943,958.2041,956.6474,23.242188,30.273438,47.070312,6.202487945556641,2024-04-01 21:14:07.591277
3332,4.98763,525.97943,958.2041,956.6474,23.242188,30.273438,47.070312,6.17918848991394,2024-04-01 21:14:13.770908
3333,4.98763,525.97943,958.2041,956.6474,23.242188,30.273438,47.070312,6.247533321380615,2024-04-01 21:14:20.018784
3334,4.98763,525.97943,958.2041,956.6474,23.242188,30.273438,47.070312,6.340833902359009,2024-04-01 21:14:26.359964
3335,4.98763,525.97943,958.2041,956.6474,23.242188,30.273438,47.070312,6.299510717391968,2024-04-01 21:14:32.659829
3336,4.98763,525.97943,958.4207,956.6474,23.242188,30.273438,47.070312,6.2360310554504395,2024-04-01 21:14:38.896361
3337,4.98763,525.97943,958.4207,956.6474,23.242188,30.273438,47.070312,6.262019872665405,2024-04-01 21:14:45.159005
3338,4.98763,525.97943,958.7161,956.6474,23.242188,30.273438,47.070312,6.385246276855469,2024-04-01 21:14:51.544686
3339,4.98763,525.97943,958.7161,956.6474,23.242188,30.273438,47.070312,6.080204248428345,2024-04-01 21:14:57.625536
3340,4.98763,526.0941,958.7161,957.1427,23.242188,30.273438,47.16797,6.3125646114349365,2024-04-01 21:15:03.938630
3341,4.98763,526.0941,959.2003,957.1427,23.242188,30.273438,47.16797,6.187053918838501,2024-04-01 21:15:10.126226
3342,4.98763,526.0941,959.2003,957.1427,23.242188,30.273438,47.16797,6.283422470092773,2024-04-01 21:15:16.410092
3343,4.98763,526.0941,959.2003,957.1427,23.242188,30.273438,47.16797,6.198131799697876,2024-04-01 21:15:22.608649
3344,4.98763,526.0941,959.2003,957.2877,23.242188,30.273438,47.16797,6.2614593505859375,2024-04-01 21:15:28.870488
3345,4.98763,526.0941,959.2003,957.2877,23.242188,30.273438,47.16797,6.214361667633057,2024-04-01 21:15:35.085385
3346,4.98763,526.28564,959.2003,957.2877,23.242188,30.273438,47.16797,6.319167137145996,2024-04-01 21:15:41.405092
3347,4.98763,526.28564,959.2003,957.40674,23.242188,30.273438,47.16797,6.31301474571228,2024-04-01 21:15:47.718632
3348,4.98763,526.28564,959.2096,957.40674,23.242188,30.273438,47.16797,6.2862632274627686,2024-04-01 21:15:54.005232
3349,4.98763,526.28564,959.2096,957.40674,23.242188,30.273438,47.16797,6.402926921844482,2024-04-01 21:16:00.408712
3350,4.98763,526.28564,959.2096,957.40674,23.242188,30.273438,47.16797,6.227110862731934,2024-04-01 21:16:06.636206
3351,4.98763,526.28564,960.1145,957.40674,23.242188,30.273438,47.16797,6.2021098136901855,2024-04-01 21:16:12.838660
3352,4.98763,526.28564,960.4767,958.39575,23.242188,30.273438,47.16797,6.262032508850098,2024-04-01 21:16:19.101123
3353,4.98763,526.28564,960.9829,958.39575,23.242188,30.273438,47.16797,6.228947401046753,2024-04-01 21:16:25.330504
3354,4.98763,526.28564,961.00653,958.39575,23.242188,30.273438,47.16797,6.374024152755737,2024-04-01 21:16:31.704873
3355,4.98763,526.28564,961.00653,958.39575,23.242188,30.273438,47.16797,6.237999200820923,2024-04-01 21:16:37.943614
3356,4.98763,526.28564,961.00653,958.39575,23.242188,30.273438,47.16797,6.361662149429321,2024-04-01 21:16:44.305615
3357,4.98763,526.28564,961.2012,959.1975,23.242188,30.273438,47.16797,6.190563678741455,2024-04-01 21:16:50.496568
3358,4.98763,526.3025,961.2012,959.1975,23.242188,30.273438,47.16797,6.276440143585205,2024-04-01 21:16:56.773422
3359,4.98763,526.3025,961.2012,959.1975,23.242188,30.273438,47.16797,6.254301309585571,2024-04-01 21:17:03.028261
3360,4.98763,526.42163,961.2012,959.1975,23.242188,30.273438,47.16797,6.230212926864624,2024-04-01 21:17:09.258978
3361,4.98763,526.42163,961.5389,959.1975,23.242188,30.273438,47.16797,6.23534893989563,2024-04-01 21:17:15.494758
3362,4.98763,526.42163,961.5389,959.1975,23.242188,30.273438,47.16797,6.315220355987549,2024-04-01 21:17:21.810332
3363,4.98763,526.42163,961.8231,959.1975,23.242188,30.273438,47.16797,6.253016710281372,2024-04-01 21:17:28.063732
3364,4.98763,526.42163,962.04333,959.1975,23.242188,30.273438,47.16797,6.272342681884766,2024-04-01 21:17:34.336419
3365,4.98763,526.42163,962.73846,959.1975,23.242188,30.273438,47.16797,6.181829929351807,2024-04-01 21:17:40.518743
3366,4.98763,526.42163,963.0953,959.1975,23.242188,30.273438,47.16797,6.244588136672974,2024-04-01 21:17:46.763810
3367,4.98763,526.42163,963.0991,959.1975,23.242188,30.273438,47.16797,6.269500732421875,2024-04-01 21:17:53.033656
3368,4.98763,526.42163,963.0991,959.1975,23.242188,30.273438,47.16797,6.272033214569092,2024-04-01 21:17:59.306084
3369,4.98763,526.42163,963.65247,959.1975,23.242188,30.273438,47.16797,6.235088586807251,2024-04-01 21:18:05.541514
3370,4.98763,526.42163,963.7818,959.1975,23.242188,30.273438,47.16797,6.214696645736694,2024-04-01 21:18:11.756592
3371,4.98763,526.42163,963.7818,959.1975,23.242188,30.273438,47.16797,6.239459037780762,2024-04-01 21:18:17.996492
3372,4.98763,526.42163,963.8198,959.1975,23.242188,30.273438,47.16797,6.403100252151489,2024-04-01 21:18:24.399985
3373,4.98763,526.42163,963.8198,959.1975,23.242188,30.273438,47.16797,6.145137071609497,2024-04-01 21:18:30.545471
3374,4.98763,526.42163,963.8198,959.1975,23.242188,30.273438,47.16797,6.235866546630859,2024-04-01 21:18:36.781783
3375,4.98763,526.42163,963.8198,959.87085,23.242188,30.273438,47.16797,6.2858569622039795,2024-04-01 21:18:43.068004
3376,4.98763,526.42163,963.8198,959.87085,23.242188,30.273438,47.16797,6.298999547958374,2024-04-01 21:18:49.367347
3377,4.98763,526.65894,963.8198,959.87085,23.242188,30.273438,47.16797,6.241771459579468,2024-04-01 21:18:55.609510
3378,4.98763,526.65894,963.97424,961.6176,23.242188,30.273438,47.16797,6.234851837158203,2024-04-01 21:19:01.844892
3379,4.98763,526.65894,963.97424,961.6176,23.242188,30.273438,47.16797,6.38582181930542,2024-04-01 21:19:08.231142
3380,4.98763,526.65894,964.31616,961.6176,23.242188,30.273438,47.16797,6.1730217933654785,2024-04-01 21:19:14.404502
3381,4.98763,527.0048,964.531,961.6176,23.242188,30.273438,47.16797,6.203915357589722,2024-04-01 21:19:20.608818
3382,4.98763,528.28503,964.61,961.6176,23.242188,30.273438,47.16797,6.278848648071289,2024-04-01 21:19:26.888072
3383,4.98763,528.3482,964.7807,961.6176,23.242188,30.273438,47.16797,6.255440950393677,2024-04-01 21:19:33.143853
3384,4.98763,529.64636,964.7807,961.6176,23.242188,30.273438,47.16797,6.272378921508789,2024-04-01 21:19:39.416574
3385,4.98763,529.64636,964.9199,962.3286,23.242188,30.273438,47.16797,6.277653455734253,2024-04-01 21:19:45.694627
3386,4.98763,529.64636,964.9199,962.4261,23.242188,30.273438,47.16797,6.3591086864471436,2024-04-01 21:19:52.054375
3387,4.98763,529.64636,964.9199,962.4261,23.242188,30.273438,47.16797,6.153659105300903,2024-04-01 21:19:58.208428
3388,4.98763,529.64636,965.20935,962.58136,23.242188,30.273438,47.16797,6.323331832885742,2024-04-01 21:20:04.532165
3389,4.98763,529.87366,965.3893,962.64246,23.242188,30.273438,47.265625,6.327550649642944,2024-04-01 21:20:10.860065
3390,4.98763,529.9003,965.4251,962.64246,23.242188,30.273438,47.265625,6.2305872440338135,2024-04-01 21:20:17.091006
3391,4.98763,529.9003,965.4251,962.64246,23.242188,30.273438,47.265625,6.1969969272613525,2024-04-01 21:20:23.288415
3392,4.98763,529.9003,965.4585,962.64246,23.242188,30.273438,47.265625,6.252291440963745,2024-04-01 21:20:29.541096
3393,4.98763,529.9003,965.4585,962.64246,23.242188,30.273438,47.265625,6.299344778060913,2024-04-01 21:20:35.840827
3394,4.98763,530.09534,965.4585,962.64246,23.242188,30.273438,47.265625,6.339413166046143,2024-04-01 21:20:42.180660
3395,4.98763,530.09534,965.4585,962.64246,23.242188,30.273438,47.265625,6.298001289367676,2024-04-01 21:20:48.479143
3396,4.98763,530.09534,965.4585,962.64246,23.242188,30.273438,47.265625,6.084172248840332,2024-04-01 21:20:54.563666
3397,4.98763,530.09534,965.4585,962.64246,23.242188,30.273438,47.265625,6.379451036453247,2024-04-01 21:21:00.943546
3398,4.98763,530.09534,965.4585,962.72595,23.242188,30.273438,47.265625,6.291877508163452,2024-04-01 21:21:07.235805
3399,4.98763,530.09534,965.4585,962.72595,23.242188,30.273438,47.265625,6.237029790878296,2024-04-01 21:21:13.473183
3400,4.98763,530.12274,965.4608,963.9117,23.242188,30.273438,47.265625,6.272296905517578,2024-04-01 21:21:19.745863
3401,4.98763,530.12274,965.4608,963.9117,23.242188,30.273438,47.265625,6.389029502868652,2024-04-01 21:21:26.135446
3402,4.98763,530.12274,965.4608,963.9117,23.242188,30.273438,47.265625,6.404265642166138,2024-04-01 21:21:32.540171
3403,4.98763,530.352,965.4608,963.9117,23.242188,30.273438,47.265625,6.200425624847412,2024-04-01 21:21:38.740986
3404,4.98763,530.352,965.4608,963.9117,23.242188,30.273438,47.265625,6.314520835876465,2024-04-01 21:21:45.055992
3405,4.98763,530.352,965.56506,963.9117,23.242188,30.273438,47.265625,6.283307313919067,2024-04-01 21:21:51.339649
3406,4.98763,530.352,965.5786,963.9117,23.242188,30.273438,47.265625,6.139239311218262,2024-04-01 21:21:57.479230
3407,4.98763,530.352,965.5821,963.9117,23.242188,30.273438,47.265625,6.178551912307739,2024-04-01 21:22:03.658157
3408,4.98763,530.352,965.5821,963.9117,23.242188,30.273438,47.265625,6.257567405700684,2024-04-01 21:22:09.916233
3409,4.98763,530.352,965.79846,963.9117,23.242188,30.273438,47.265625,6.173724889755249,2024-04-01 21:22:16.090316
3410,4.98763,530.352,965.79846,964.59814,23.242188,30.273438,47.265625,6.210639715194702,2024-04-01 21:22:22.301443
3411,4.98763,531.34033,965.8456,964.64526,23.242188,30.273438,47.265625,6.368670225143433,2024-04-01 21:22:28.670548
3412,4.98763,531.34033,965.9617,964.64526,23.242188,30.273438,47.265625,6.298543930053711,2024-04-01 21:22:34.969438
3413,4.98763,531.34033,965.9617,964.64526,23.242188,30.273438,47.265625,6.3861212730407715,2024-04-01 21:22:41.355954
3414,4.98763,531.34033,966.18054,966.4475,23.242188,30.273438,47.265625,6.201914310455322,2024-04-01 21:22:47.558213
3415,4.98763,531.34033,966.18054,966.4475,23.242188,30.273438,47.265625,6.236754417419434,2024-04-01 21:22:53.795481
3416,4.98763,531.34033,966.18054,966.4475,23.242188,30.273438,47.265625,6.2335004806518555,2024-04-01 21:23:00.029329
3417,4.98763,531.34033,966.2389,966.4475,23.242188,30.273438,47.265625,6.370332717895508,2024-04-01 21:23:06.400044
3418,4.98763,531.34033,966.9735,966.7816,23.242188,30.273438,47.265625,6.2935779094696045,2024-04-01 21:23:12.694110
3419,4.98763,532.1715,967.05493,966.93396,23.242188,30.273438,47.265625,6.261525630950928,2024-04-01 21:23:18.956225
3420,4.98763,532.1715,967.1422,966.93396,23.242188,30.273438,47.265625,6.240180492401123,2024-04-01 21:23:25.196753
3421,4.98763,532.2711,967.1422,967.698,23.242188,30.273438,47.265625,6.372233152389526,2024-04-01 21:23:31.569445
3422,4.98763,532.2711,967.54034,967.698,23.242188,30.273438,47.265625,6.343472003936768,2024-04-01 21:23:37.913303
3423,4.98763,532.2711,967.54034,967.698,23.242188,30.273438,47.265625,6.289976119995117,2024-04-01 21:23:44.203815
3424,4.98763,532.2711,967.54034,967.698,23.242188,30.273438,47.265625,6.243371963500977,2024-04-01 21:23:50.447533
3425,4.98763,532.2711,967.54034,967.7357,23.242188,30.273438,47.265625,6.212616920471191,2024-04-01 21:23:56.660495
3426,4.98763,532.2711,967.54034,967.7357,23.242188,30.273438,47.265625,6.323878765106201,2024-04-01 21:24:02.985033
3427,4.98763,532.2985,968.05505,967.76086,23.242188,30.273438,47.265625,6.248697280883789,2024-04-01 21:24:09.234177
3428,4.98763,532.2985,969.52075,967.76086,23.242188,30.273438,47.265625,6.233075141906738,2024-04-01 21:24:15.467742
3429,4.98763,532.2985,969.52075,967.76086,23.242188,30.273438,47.265625,6.293409109115601,2024-04-01 21:24:21.761529
3430,4.98763,532.2985,969.5799,967.76086,23.242188,30.273438,47.265625,6.150439023971558,2024-04-01 21:24:27.912504
3431,4.98763,532.2985,969.5799,968.1247,23.242188,30.273438,47.265625,6.303635358810425,2024-04-01 21:24:34.216540
3432,4.98763,532.2985,969.5799,968.1247,23.242188,30.273438,47.265625,6.2354209423065186,2024-04-01 21:24:40.452359
3433,4.98763,532.2985,969.71576,968.1247,23.242188,30.273438,47.265625,6.289642572402954,2024-04-01 21:24:46.742390
3434,4.98763,532.2985,969.71576,968.1247,23.242188,30.273438,47.265625,6.212713003158569,2024-04-01 21:24:52.955532
3435,4.98763,532.3834,969.9111,968.1247,23.242188,30.273438,47.265625,6.14697003364563,2024-04-01 21:24:59.102885
3436,4.98763,532.3834,970.30054,969.0613,23.242188,30.273438,47.265625,6.343490362167358,2024-04-01 21:25:05.446919
3437,4.98763,532.548,970.30054,969.0613,23.339844,30.273438,47.265625,6.109368801116943,2024-04-01 21:25:11.556667
3438,4.98763,532.548,970.30054,969.0613,23.339844,30.273438,47.265625,6.408480167388916,2024-04-01 21:25:17.965528
3439,4.98763,532.548,970.30054,969.0613,23.339844,30.273438,47.265625,6.265882253646851,2024-04-01 21:25:24.231847
3440,4.98763,532.548,970.3869,969.0613,23.339844,30.273438,47.265625,6.319935083389282,2024-04-01 21:25:30.552170
3441,4.98763,532.548,970.3869,969.0906,23.339844,30.273438,47.36328,6.230751991271973,2024-04-01 21:25:36.783265
3442,4.98763,532.548,970.3869,969.0906,23.339844,30.273438,47.36328,6.2640700340271,2024-04-01 21:25:43.047868
3443,4.98763,532.548,970.3869,969.1495,23.339844,30.273438,47.36328,6.2407636642456055,2024-04-01 21:25:49.289123
3444,4.98763,532.548,970.3869,969.1495,23.339844,30.273438,47.36328,6.202081203460693,2024-04-01 21:25:55.491585
3445,4.98763,532.548,970.5304,969.1495,23.339844,30.273438,47.36328,6.27608323097229,2024-04-01 21:26:01.768065
3446,4.98763,532.548,970.5304,969.1495,23.339844,30.273438,47.36328,6.276377439498901,2024-04-01 21:26:08.044785
3447,4.98763,532.548,970.552,969.1495,23.339844,30.273438,47.36328,6.26885724067688,2024-04-01 21:26:14.314025
3448,4.98763,532.6135,970.552,969.1495,23.339844,30.273438,47.36328,6.330012559890747,2024-04-01 21:26:20.644423
3449,4.98763,532.6135,970.5757,970.25745,23.339844,30.273438,47.36328,6.283494710922241,2024-04-01 21:26:26.928686
3450,4.98763,532.6135,970.5757,970.25745,23.339844,30.273438,47.36328,6.311043977737427,2024-04-01 21:26:33.240114
3451,4.98763,532.6135,970.5757,970.25745,23.339844,30.273438,47.36328,6.277306079864502,2024-04-01 21:26:39.518166
3452,4.98763,532.6135,970.5757,970.25745,23.339844,30.273438,47.36328,6.3133063316345215,2024-04-01 21:26:45.831911
3453,4.98763,532.6135,970.5757,970.25745,23.339844,30.273438,47.36328,6.371031284332275,2024-04-01 21:26:52.203286
3454,4.98763,532.6135,970.5757,970.25745,23.339844,30.273438,47.36328,6.340324640274048,2024-04-01 21:26:58.543983
3455,4.98763,532.6135,970.5757,970.25745,23.339844,30.273438,47.36328,6.180916786193848,2024-04-01 21:27:04.725246
3456,4.98763,532.6135,970.9424,971.9418,23.339844,30.273438,47.36328,6.23067569732666,2024-04-01 21:27:10.956317
3457,4.98763,532.6135,971.00024,971.7937,23.339844,30.273438,47.460938,6.321426868438721,2024-04-01 21:27:17.278150
3458,4.98763,532.6937,971.5166,971.7937,23.339844,30.273438,47.460938,6.263727188110352,2024-04-01 21:27:23.542407
3459,4.98763,532.6937,971.5166,971.7937,23.339844,30.273438,47.460938,6.360231637954712,2024-04-01 21:27:29.903129
3460,4.98763,532.6937,971.5166,971.7937,23.339844,30.273438,47.460938,6.273230075836182,2024-04-01 21:27:36.176999
3461,4.98763,533.0321,972.7583,971.7937,23.339844,30.273438,47.460938,6.446017265319824,2024-04-01 21:27:42.623445
3462,4.98763,533.0458,972.8082,971.7937,23.339844,30.273438,47.460938,6.318750619888306,2024-04-01 21:27:48.942539
3463,4.98763,533.0458,973.1579,972.0945,23.339844,30.273438,47.460938,6.296442985534668,2024-04-01 21:27:55.239507
3464,4.98763,533.0458,973.42523,972.0945,23.339844,30.273438,47.460938,6.197371482849121,2024-04-01 21:28:01.437220
3465,4.98763,533.0458,973.42523,972.0945,23.339844,30.273438,47.460938,6.247572183609009,2024-04-01 21:28:07.685406
3466,4.98763,533.0458,973.42523,972.0945,23.339844,30.273438,47.460938,6.434380531311035,2024-04-01 21:28:14.120337
3467,4.98763,533.0458,973.42523,972.0945,23.339844,30.273438,47.460938,6.2659430503845215,2024-04-01 21:28:20.386715
3468,4.98763,533.0458,973.42523,972.1317,23.339844,30.273438,47.460938,6.299560308456421,2024-04-01 21:28:26.686640
3469,4.98763,533.0458,973.42523,972.1317,23.339844,30.273438,47.460938,6.101130485534668,2024-04-01 21:28:32.788139
3470,4.98763,533.0458,973.42523,972.1317,23.339844,30.273438,47.460938,6.28334641456604,2024-04-01 21:28:39.071830
3471,4.98763,533.0458,973.42523,972.16974,23.339844,30.273438,47.460938,6.376502752304077,2024-04-01 21:28:45.448689
3472,4.98763,533.0458,973.42523,972.16974,23.339844,30.273438,47.460938,6.247408866882324,2024-04-01 21:28:51.696484
3473,4.98763,533.0458,973.42523,972.16974,23.339844,30.273438,47.460938,6.183546543121338,2024-04-01 21:28:57.880426
3474,4.98763,533.0458,973.42523,972.16974,23.339844,30.273438,47.460938,6.117668628692627,2024-04-01 21:29:03.998483
3475,4.98763,533.0458,973.679,972.16974,23.339844,30.273438,47.460938,6.369273900985718,2024-04-01 21:29:10.368265
3476,4.98763,533.0458,973.77466,972.16974,23.339844,30.273438,47.460938,6.266125917434692,2024-04-01 21:29:16.634815
3477,4.98763,533.0458,974.24023,972.16974,23.339844,30.273438,47.460938,6.289296388626099,2024-04-01 21:29:22.924456
3478,4.98763,533.0458,974.24023,972.16974,23.339844,30.273438,47.460938,6.212374448776245,2024-04-01 21:29:29.137230
3479,4.98763,533.0458,974.3036,972.16974,23.339844,30.273438,47.460938,6.475983142852783,2024-04-01 21:29:35.613601
3480,4.98763,533.0458,974.3235,972.16974,23.339844,30.273438,47.460938,6.257524251937866,2024-04-01 21:29:41.871711
3481,4.98763,533.06445,974.3235,972.16974,23.339844,30.273438,47.460938,6.228973150253296,2024-04-01 21:29:48.101120
3482,4.98763,533.06445,974.3843,972.4398,23.339844,30.273438,47.460938,6.325055837631226,2024-04-01 21:29:54.426558
3483,4.98763,533.06445,974.3843,972.4398,23.339844,30.273438,47.460938,6.303878545761108,2024-04-01 21:30:00.730801
3484,4.98763,533.06445,974.3843,972.44507,23.339844,30.273438,47.460938,6.341021537780762,2024-04-01 21:30:07.072364
3485,4.98763,533.06445,974.3843,972.44507,23.339844,30.273438,47.460938,6.129310369491577,2024-04-01 21:30:13.202084
3486,4.98763,533.06445,974.3843,972.44507,23.339844,30.273438,47.460938,6.349845886230469,2024-04-01 21:30:19.552491
3487,4.98763,533.06445,974.3843,972.44507,23.339844,30.273438,47.460938,6.331296682357788,2024-04-01 21:30:25.884390
3488,4.98763,533.06445,974.8981,972.44507,23.339844,30.273438,47.460938,6.316920518875122,2024-04-01 21:30:32.201697
3489,4.98763,533.06445,974.8981,972.6504,23.339844,30.273438,47.460938,6.2457945346832275,2024-04-01 21:30:38.447972
3490,4.98763,533.06445,974.8981,972.6504,23.339844,30.273438,47.460938,6.354265451431274,2024-04-01 21:30:44.802589
3491,4.98763,533.06445,974.8981,972.6504,23.339844,30.273438,47.460938,6.293135166168213,2024-04-01 21:30:51.096249
3492,4.98763,533.06445,974.8981,972.6504,23.339844,30.273438,47.460938,6.360396146774292,2024-04-01 21:30:57.457040
3493,4.98763,533.06445,974.8981,972.6504,23.339844,30.273438,47.460938,6.175922870635986,2024-04-01 21:31:03.633491
3494,4.98763,533.06445,974.8981,972.894,23.339844,30.273438,47.460938,6.448307275772095,2024-04-01 21:31:10.082272
3495,4.98763,533.06445,974.8981,972.894,23.339844,30.273438,47.460938,6.257214307785034,2024-04-01 21:31:16.340091
3496,4.98763,533.06445,974.8981,972.894,23.339844,30.273438,47.460938,6.278043508529663,2024-04-01 21:31:22.618484
3497,4.98763,533.14294,975.3668,973.11804,23.339844,30.273438,47.558594,6.14694619178772,2024-04-01 21:31:28.765770
3498,4.98763,533.44214,975.3668,973.11804,23.339844,30.273438,47.558594,6.125425577163696,2024-04-01 21:31:34.891693
3499,4.98763,533.44214,975.6279,973.4469,23.339844,30.273438,47.558594,6.231922149658203,2024-04-01 21:31:41.123959
3500,4.98763,533.44214,975.7099,973.4469,23.339844,30.273438,47.558594,6.354492902755737,2024-04-01 21:31:47.478947
3501,4.98763,533.44214,975.7099,973.4469,23.339844,30.273438,47.558594,6.380404710769653,2024-04-01 21:31:53.859692
3502,4.98763,533.44214,975.7099,973.4469,23.339844,30.273438,47.558594,6.227139949798584,2024-04-01 21:32:00.087387
3503,4.98763,533.44214,975.7099,973.4469,23.339844,30.273438,47.558594,6.2746148109436035,2024-04-01 21:32:06.362348
3504,4.98763,533.44214,975.7099,973.4469,23.339844,30.273438,47.558594,6.258211851119995,2024-04-01 21:32:12.620903
3505,4.98763,533.44214,975.7099,973.4469,23.339844,30.273438,47.558594,6.2610249519348145,2024-04-01 21:32:18.882395
3506,4.98763,533.44214,975.7099,973.4469,23.339844,30.273438,47.558594,6.189732551574707,2024-04-01 21:32:25.072480
3507,4.98763,533.44214,975.89044,973.55115,23.339844,30.273438,47.558594,6.2189929485321045,2024-04-01 21:32:31.291887
3508,4.98763,534.58875,975.89044,973.55115,23.339844,30.273438,47.558594,6.2748777866363525,2024-04-01 21:32:37.567203
3509,4.98763,534.58875,976.6045,973.55115,23.339844,30.273438,47.558594,6.232328176498413,2024-04-01 21:32:43.799871
3510,4.98763,534.58875,976.7029,973.55115,23.339844,30.273438,47.558594,6.350510835647583,2024-04-01 21:32:50.150753
3511,4.98763,534.58875,976.7029,973.55115,23.339844,30.273438,47.558594,6.251555919647217,2024-04-01 21:32:56.402747
3512,4.98763,534.58875,976.7029,973.55115,23.339844,30.273438,47.558594,6.170074701309204,2024-04-01 21:33:02.573167
3513,4.98763,534.58875,976.7029,973.55115,23.339844,30.273438,47.558594,6.274269342422485,2024-04-01 21:33:08.847818
3514,4.98763,534.58875,976.7029,973.9885,23.339844,30.273438,47.558594,6.156126976013184,2024-04-01 21:33:15.004301
3515,4.98763,534.58875,976.7029,973.9885,23.339844,30.273438,47.558594,6.252971172332764,2024-04-01 21:33:21.257681
3516,4.98763,534.58875,976.86145,974.3085,23.339844,30.273438,47.558594,6.341447591781616,2024-04-01 21:33:27.599522
3517,4.98763,534.58875,976.86145,974.3085,23.339844,30.273438,47.558594,6.28137993812561,2024-04-01 21:33:33.881275
3518,4.98763,534.58875,976.86145,974.3561,23.339844,30.273438,47.558594,6.253764629364014,2024-04-01 21:33:40.135453
3519,4.98763,534.58875,977.4465,974.3561,23.339844,30.273438,47.558594,6.351847410202026,2024-04-01 21:33:46.487887
3520,4.98763,534.58875,977.4465,974.3561,23.339844,30.273438,47.558594,6.223921060562134,2024-04-01 21:33:52.712372
3521,4.98763,534.58875,977.4465,975.49036,23.339844,30.273438,47.558594,6.23185133934021,2024-04-01 21:33:58.944598
3522,4.98763,535.8331,977.4695,975.49036,23.339844,30.273438,47.558594,6.214234352111816,2024-04-01 21:34:05.159339
3523,4.98763,535.8331,977.4695,975.49036,23.339844,30.273438,47.558594,6.286177158355713,2024-04-01 21:34:11.445865
3524,4.98763,536.1797,977.4695,979.85266,23.339844,30.273438,47.558594,6.279054880142212,2024-04-01 21:34:17.725460
3525,4.98763,536.1797,977.5886,979.85266,23.339844,30.273438,47.558594,6.281578302383423,2024-04-01 21:34:24.007529
3526,4.98763,536.1797,977.5963,979.85266,23.339844,30.273438,47.558594,6.169331789016724,2024-04-01 21:34:30.177198
3527,4.98763,536.1797,977.7699,979.85266,23.339844,30.273438,47.558594,6.1443445682525635,2024-04-01 21:34:36.321913
3528,4.98763,536.1797,978.0769,979.85266,23.339844,30.273438,47.558594,6.150004625320435,2024-04-01 21:34:42.472329
3529,4.98763,536.1797,978.0769,979.85266,23.339844,30.273438,47.558594,6.346011400222778,2024-04-01 21:34:48.818763
3530,4.98763,536.1797,978.0769,979.85266,23.339844,30.273438,47.558594,6.155170917510986,2024-04-01 21:34:54.974383
3531,4.98763,536.1797,978.0769,979.85266,23.339844,30.273438,47.558594,6.331904649734497,2024-04-01 21:35:01.306661
3532,4.98763,536.1797,978.0841,979.85266,23.339844,30.273438,47.558594,6.289250612258911,2024-04-01 21:35:07.596454
3533,4.98763,536.1797,978.0841,979.85266,23.339844,30.273438,47.558594,6.218870401382446,2024-04-01 21:35:13.815836
3534,4.98763,536.1797,978.1845,980.14154,23.339844,30.273438,47.558594,6.203659772872925,2024-04-01 21:35:20.019841
3535,4.98763,536.1797,978.1845,980.14154,23.339844,30.273438,47.558594,6.192587614059448,2024-04-01 21:35:26.212784
3536,4.98763,536.1797,978.1845,980.29297,23.339844,30.273438,47.558594,6.359699249267578,2024-04-01 21:35:32.572931
3537,4.98763,536.1797,978.1845,980.29297,23.339844,30.273438,47.558594,6.188841342926025,2024-04-01 21:35:38.762187
3538,4.98763,536.3157,978.2357,981.13007,23.339844,30.273438,47.558594,6.23681902885437,2024-04-01 21:35:44.999547
3539,4.98763,536.3157,978.2357,981.13007,23.339844,30.273438,47.558594,6.232585668563843,2024-04-01 21:35:51.232575
3540,4.98763,536.3157,978.45917,981.1839,23.339844,30.273438,47.558594,6.302578926086426,2024-04-01 21:35:57.535549
3541,4.98763,536.45044,978.45917,981.1839,23.339844,30.273438,47.558594,6.348203182220459,2024-04-01 21:36:03.884101
3542,4.98763,536.45044,978.45917,981.1839,23.339844,30.273438,47.558594,6.38717246055603,2024-04-01 21:36:10.271643
3543,4.98763,536.45044,978.45917,981.1839,23.339844,30.273438,47.558594,6.351853370666504,2024-04-01 21:36:16.623843
3544,4.98763,536.45044,978.45917,981.9375,23.339844,30.273438,47.558594,6.139773368835449,2024-04-01 21:36:22.763988
3545,4.98763,536.45044,978.52795,981.9375,23.339844,30.273438,47.558594,6.303989887237549,2024-04-01 21:36:29.068317
3546,4.98763,536.45044,978.73486,981.9375,23.339844,30.273438,47.558594,6.234609603881836,2024-04-01 21:36:35.303371
3547,4.98763,536.45044,978.864,981.9375,23.339844,30.273438,47.558594,6.202151536941528,2024-04-01 21:36:41.505896
3548,4.98763,536.45044,978.864,981.9375,23.339844,30.273438,47.558594,6.19567084312439,2024-04-01 21:36:47.701922
3549,4.98763,536.45044,978.864,981.9375,23.339844,30.273438,47.558594,6.352499723434448,2024-04-01 21:36:54.054826
3550,4.98763,536.45044,978.9531,982.9125,23.339844,30.273438,47.558594,6.355688095092773,2024-04-01 21:37:00.410904
3551,4.98763,536.45044,979.2811,982.9125,23.339844,30.273438,47.558594,6.343726634979248,2024-04-01 21:37:06.755013
3552,4.98763,536.45044,979.479,982.9125,23.339844,30.273438,47.558594,6.161163568496704,2024-04-01 21:37:12.916518
3553,4.98763,536.45044,979.479,982.9125,23.339844,30.273438,47.558594,6.274793863296509,2024-04-01 21:37:19.191718
3554,4.98763,536.45044,979.479,982.9125,23.339844,30.273438,47.558594,6.29149603843689,2024-04-01 21:37:25.483758
3555,4.98763,536.45044,979.479,982.9125,23.339844,30.273438,47.558594,6.0113208293914795,2024-04-01 21:37:31.495422
3556,4.98763,536.45044,979.479,982.9125,23.339844,30.273438,47.558594,6.324577808380127,2024-04-01 21:37:37.820346
3557,4.98763,536.45044,979.479,982.9125,23.339844,30.273438,47.558594,6.247450828552246,2024-04-01 21:37:44.068308
3558,4.98763,536.45044,979.479,982.9125,23.339844,30.273438,47.558594,6.262900352478027,2024-04-01 21:37:50.331584
3559,4.98763,536.67395,980.61993,982.9125,23.339844,30.273438,47.558594,6.229619026184082,2024-04-01 21:37:56.561738
3560,4.98763,536.67395,980.6323,982.9125,23.339844,30.273438,47.558594,6.421053886413574,2024-04-01 21:38:02.983200
3561,4.98763,536.7682,980.681,986.0612,23.339844,30.273438,47.558594,6.344259262084961,2024-04-01 21:38:09.327802
3562,4.98763,536.7682,980.681,986.0612,23.339844,30.273438,47.558594,6.28276252746582,2024-04-01 21:38:15.610947
3563,4.98763,536.7682,980.7404,986.0612,23.339844,30.273438,47.558594,6.1577043533325195,2024-04-01 21:38:21.769030
3564,4.98763,536.87964,980.7404,986.0612,23.339844,30.273438,47.558594,6.234370231628418,2024-04-01 21:38:28.003894
3565,4.98763,536.87964,980.7404,987.1616,23.339844,30.273438,47.558594,6.195994853973389,2024-04-01 21:38:34.200231
3566,4.98763,536.87964,980.7404,987.57996,23.339844,30.273438,47.558594,6.206776142120361,2024-04-01 21:38:40.407358
3567,4.98763,536.87964,980.7404,987.57996,23.339844,30.273438,47.558594,6.434831142425537,2024-04-01 21:38:46.842585
3568,4.98763,537.19934,980.7404,987.57996,23.339844,30.273438,47.558594,6.381070613861084,2024-04-01 21:38:53.223994
3569,4.98763,537.19934,980.7404,987.57996,23.339844,30.273438,47.558594,6.298057794570923,2024-04-01 21:38:59.522398
3570,4.98763,537.19934,980.7404,987.8297,23.339844,30.273438,47.558594,6.397459030151367,2024-04-01 21:39:05.920200
3571,4.98763,537.19934,980.9027,987.8297,23.339844,30.273438,47.558594,6.460149049758911,2024-04-01 21:39:12.380938
3572,4.98763,537.19934,981.31396,987.8297,23.339844,30.273438,47.558594,6.240844488143921,2024-04-01 21:39:18.622176
3573,4.98763,537.19934,981.31396,987.8297,23.339844,30.273438,47.558594,6.183858394622803,2024-04-01 21:39:24.806528
3574,4.98763,537.19934,981.31396,987.9972,23.339844,30.273438,47.558594,6.433245897293091,2024-04-01 21:39:31.240118
3575,4.98763,537.19934,982.2052,987.9972,23.339844,30.273438,47.558594,6.296281337738037,2024-04-01 21:39:37.536758
3576,4.98763,537.58875,984.01196,987.9972,23.339844,30.273438,47.558594,6.265832424163818,2024-04-01 21:39:43.803046
3577,4.98763,537.58875,985.1564,987.9972,23.339844,30.273438,47.558594,6.23975944519043,2024-04-01 21:39:50.043153
3578,4.98763,537.838,985.1564,987.9972,23.339844,30.273438,47.558594,6.2721171379089355,2024-04-01 21:39:56.315808
3579,4.98763,537.838,985.18506,987.9972,23.339844,30.273438,47.558594,6.258718013763428,2024-04-01 21:40:02.574894
3580,4.98763,537.838,985.18506,987.9972,23.339844,30.273438,47.558594,6.259689807891846,2024-04-01 21:40:08.834926
3581,4.98763,537.838,985.18506,987.9972,23.339844,30.273438,47.558594,6.287128925323486,2024-04-01 21:40:15.122468
3582,4.98763,537.838,985.18506,987.9972,23.339844,30.273438,47.558594,6.330113172531128,2024-04-01 21:40:21.452924
3583,4.98763,537.838,985.18506,987.9972,23.339844,30.273438,47.558594,6.228637218475342,2024-04-01 21:40:27.681981
3584,4.98763,537.8524,985.18506,987.9972,23.339844,30.273438,47.558594,6.233708143234253,2024-04-01 21:40:33.916151
3585,4.98763,538.1995,985.257,987.9972,23.339844,30.273438,47.558594,6.193819522857666,2024-04-01 21:40:40.110318
3586,4.98763,538.1995,985.7345,987.9972,23.339844,30.273438,47.558594,6.288588047027588,2024-04-01 21:40:46.399256
3587,4.98763,538.1995,985.9177,987.9972,23.339844,30.273438,47.558594,6.309999465942383,2024-04-01 21:40:52.709608
3588,4.98763,538.1995,985.9177,987.9972,23.339844,30.273438,47.558594,6.294289827346802,2024-04-01 21:40:59.004432
3589,4.98763,538.1995,985.9177,987.9972,23.339844,30.273438,47.558594,6.156383991241455,2024-04-01 21:41:05.161219
3590,4.98763,538.1995,985.9177,989.5681,23.339844,30.273438,47.558594,6.411011457443237,2024-04-01 21:41:11.572767
3591,4.98763,538.713,985.9177,989.5681,23.339844,30.273438,47.558594,6.284459590911865,2024-04-01 21:41:17.857758
3592,4.98763,538.713,986.3407,989.81903,23.339844,30.273438,47.558594,6.3449060916900635,2024-04-01 21:41:24.203249
3593,4.98763,538.713,986.3407,989.81903,23.339844,30.273438,47.558594,6.240870237350464,2024-04-01 21:41:30.444462
3594,4.98763,538.713,986.60187,989.81903,23.339844,30.273438,47.558594,6.232274770736694,2024-04-01 21:41:36.677138
3595,4.98763,538.713,986.61633,989.81903,23.339844,30.273438,47.558594,6.28593635559082,2024-04-01 21:41:42.963501
3596,4.98763,538.7642,986.8222,989.81903,23.339844,30.273438,47.558594,6.2886176109313965,2024-04-01 21:41:49.252460
3597,4.98763,538.7642,987.04926,989.85175,23.339844,30.273438,47.558594,6.2462477684021,2024-04-01 21:41:55.499103
3598,4.98763,538.7642,987.04926,989.85175,23.339844,30.273438,47.558594,6.456128120422363,2024-04-01 21:42:01.955576
3599,4.98763,538.7642,987.04926,989.85175,23.339844,30.273438,47.558594,6.311513423919678,2024-04-01 21:42:08.267440
3600,4.98763,538.7642,987.04926,989.85175,23.339844,30.273438,47.558594,6.274061441421509,2024-04-01 21:42:14.542079
3601,4.98763,538.866,987.04926,989.85175,23.339844,30.273438,47.558594,6.280189037322998,2024-04-01 21:42:20.822620
3602,4.98763,538.866,987.1603,989.85175,23.339844,30.273438,47.558594,6.260884046554565,2024-04-01 21:42:27.084085
3603,4.98763,539.078,987.2133,989.9728,23.339844,30.273438,47.558594,6.189591884613037,2024-04-01 21:42:33.274020
3604,4.98763,539.9784,987.82446,990.6636,23.339844,30.273438,47.558594,6.311366319656372,2024-04-01 21:42:39.585734
3605,4.98763,540.03174,988.02515,991.1426,23.339844,30.273438,47.558594,6.186424493789673,2024-04-01 21:42:45.772724
3606,4.98763,540.03174,988.02515,991.1426,23.339844,30.273438,47.558594,6.346496105194092,2024-04-01 21:42:52.119790
3607,4.98763,540.03174,988.02515,991.1481,23.339844,30.273438,47.558594,6.262795448303223,2024-04-01 21:42:58.382928
3608,4.98763,540.03174,988.3517,991.3071,23.339844,30.273438,47.558594,6.395841598510742,2024-04-01 21:43:04.779118
3609,4.98763,540.03174,988.5923,991.3071,23.339844,30.273438,47.558594,6.268493413925171,2024-04-01 21:43:11.047964
3610,4.98763,540.03174,988.5923,991.6583,23.339844,30.273438,47.558594,6.269688367843628,2024-04-01 21:43:17.318183
3611,4.98763,540.03174,989.0928,991.6583,23.339844,30.273438,47.558594,6.1929662227630615,2024-04-01 21:43:23.511606
3612,4.98763,540.03174,989.0928,991.6583,23.339844,30.273438,47.558594,6.33599328994751,2024-04-01 21:43:29.847948
3613,4.98763,540.03174,989.0928,992.4103,23.339844,30.273438,47.558594,6.2555296421051025,2024-04-01 21:43:36.103957
3614,4.98763,540.03174,989.0928,992.4103,23.339844,30.273438,47.558594,6.3233044147491455,2024-04-01 21:43:42.427614
3615,4.98763,540.2969,989.0928,992.4103,23.339844,30.273438,47.558594,6.226658582687378,2024-04-01 21:43:48.654827
3616,4.98763,540.2969,989.0928,992.4103,23.339844,30.273438,47.558594,6.3048906326293945,2024-04-01 21:43:54.960066
3617,4.98763,540.2969,989.0928,992.4103,23.339844,30.273438,47.558594,6.426335573196411,2024-04-01 21:44:01.386797
3618,4.98763,540.2969,989.3679,992.4103,23.339844,30.273438,47.558594,6.2800562381744385,2024-04-01 21:44:07.667200
3619,4.98763,540.2969,989.43176,992.9625,23.339844,30.273438,47.558594,6.385749340057373,2024-04-01 21:44:14.053445
3620,4.98763,540.2969,989.43176,992.9625,23.339844,30.273438,47.558594,6.365705728530884,2024-04-01 21:44:20.419824
3621,4.98763,540.2969,989.43176,992.9625,23.339844,30.273438,47.558594,6.211692810058594,2024-04-01 21:44:26.631859
3622,4.98763,540.2969,989.43176,992.9625,23.339844,30.273438,47.558594,6.183774471282959,2024-04-01 21:44:32.815981
3623,4.98763,540.2969,989.43176,992.9839,23.339844,30.273438,47.558594,6.266227722167969,2024-04-01 21:44:39.082588
3624,5.269413,540.58826,991.15,993.6284,23.339844,30.273438,47.558594,6.225207328796387,2024-04-01 21:44:45.308156
3625,5.269413,540.58826,991.15,993.6284,23.339844,30.273438,47.558594,6.316813945770264,2024-04-01 21:44:51.625370
3626,5.269413,540.58826,991.15,993.6284,23.339844,30.273438,47.558594,6.316871404647827,2024-04-01 21:44:57.942624
3627,5.269413,540.58826,991.15,993.6284,23.339844,30.273438,47.558594,6.277267932891846,2024-04-01 21:45:04.220251
3628,5.269413,540.58826,991.15,993.6284,23.339844,30.273438,47.558594,6.265869140625,2024-04-01 21:45:10.486479
3629,5.269413,540.58826,991.15,993.6284,23.339844,30.273438,47.558594,6.2451560497283936,2024-04-01 21:45:16.731986
3630,5.269413,540.58826,991.291,993.6284,23.339844,30.273438,47.558594,6.1587584018707275,2024-04-01 21:45:22.891240
3631,5.269413,540.58826,991.291,993.6284,23.339844,30.273438,47.558594,6.013769149780273,2024-04-01 21:45:28.905394
3632,5.269413,540.58826,991.291,993.6284,23.339844,30.273438,47.558594,6.304448843002319,2024-04-01 21:45:35.210445
3633,5.269413,540.6228,991.2931,993.6284,23.339844,30.273438,47.558594,6.278368711471558,2024-04-01 21:45:41.489346
3634,5.269413,540.6228,991.37317,993.6284,23.339844,30.273438,47.558594,6.3427510261535645,2024-04-01 21:45:47.832526
3635,5.269413,541.27234,991.37317,995.34283,23.339844,30.273438,47.558594,6.303840637207031,2024-04-01 21:45:54.136942
3636,5.269413,541.27234,991.37317,995.34283,23.339844,30.273438,47.558594,6.154731512069702,2024-04-01 21:46:00.292432
3637,5.269413,541.27234,991.37317,995.34283,23.339844,30.273438,47.558594,6.286669969558716,2024-04-01 21:46:06.579495
3638,5.269413,541.27234,991.37317,995.34283,23.339844,30.273438,47.558594,6.188387870788574,2024-04-01 21:46:12.768302
3639,5.269413,541.27234,991.37317,995.34283,23.339844,30.273438,47.558594,6.270521879196167,2024-04-01 21:46:19.039193
3640,5.269413,541.27234,991.37317,995.65515,23.339844,30.273438,47.558594,6.250754117965698,2024-04-01 21:46:25.290298
3641,5.269413,541.7822,991.37317,995.65515,23.339844,30.273438,47.558594,6.23468017578125,2024-04-01 21:46:31.525739
3642,5.269413,541.7822,991.37317,995.65515,23.339844,30.273438,47.558594,6.291839122772217,2024-04-01 21:46:37.817998
3643,5.269413,541.7822,991.4801,995.65515,23.339844,30.273438,47.558594,6.2421979904174805,2024-04-01 21:46:44.060635
3644,5.269413,541.7822,991.8978,995.65515,23.339844,30.273438,47.558594,6.310796737670898,2024-04-01 21:46:50.371821
3645,5.269413,541.7822,992.1499,995.65515,23.339844,30.273438,47.558594,6.263383150100708,2024-04-01 21:46:56.635547
3646,5.269413,541.7822,992.1499,997.3479,23.339844,30.273438,47.558594,6.037216901779175,2024-04-01 21:47:02.673117
3647,5.269413,541.7822,992.1499,997.3479,23.339844,30.273438,47.558594,6.288438081741333,2024-04-01 21:47:08.962073
3648,5.269413,541.7822,992.18787,997.3479,23.339844,30.273438,47.558594,6.257936477661133,2024-04-01 21:47:15.220393
3649,5.269413,541.7822,992.18787,997.3479,23.339844,30.273438,47.558594,6.316320419311523,2024-04-01 21:47:21.537135
3650,5.269413,541.7822,992.18787,997.3479,23.339844,30.273438,47.558594,6.297210454940796,2024-04-01 21:47:27.834839
3651,5.269413,541.7822,992.18787,997.3479,23.339844,30.273438,47.558594,6.287217378616333,2024-04-01 21:47:34.122394
3652,5.269413,541.7822,992.18787,997.3479,23.339844,30.273438,47.558594,6.182470083236694,2024-04-01 21:47:40.305208
3653,5.269413,541.7822,992.18787,997.3479,23.339844,30.273438,47.558594,6.196500778198242,2024-04-01 21:47:46.502092
3654,5.269413,541.7822,992.18787,997.3479,23.339844,30.273438,47.558594,6.466300010681152,2024-04-01 21:47:52.968765
3655,5.269413,541.7822,992.18787,997.55884,23.339844,30.273438,47.558594,6.230389595031738,2024-04-01 21:47:59.199669
3656,5.269413,541.7822,992.2589,997.55884,23.339844,30.273438,47.558594,6.196818113327026,2024-04-01 21:48:05.396837
3657,5.269413,541.7822,992.2589,997.55884,23.339844,30.273438,47.558594,6.393032550811768,2024-04-01 21:48:11.790249
3658,5.269413,541.7822,992.52954,997.6543,23.339844,30.273438,47.558594,6.282620906829834,2024-04-01 21:48:18.073412
3659,5.269413,541.7822,992.2391,997.6543,23.339844,30.371094,47.558594,6.13418984413147,2024-04-01 21:48:24.208133
3660,5.269413,541.7822,992.4284,997.6543,23.339844,30.371094,47.558594,6.229192495346069,2024-04-01 21:48:30.437672
3661,5.269413,541.7822,992.4284,997.6543,23.339844,30.371094,47.558594,6.2577643394470215,2024-04-01 21:48:36.695819
3662,5.269413,541.7822,992.4284,997.6543,23.339844,30.371094,47.558594,6.233072757720947,2024-04-01 21:48:42.929239
3663,5.269413,541.7822,992.93585,997.6831,23.339844,30.371094,47.558594,6.174194097518921,2024-04-01 21:48:49.103853
3664,5.269413,541.9094,992.93585,997.6831,23.339844,30.371094,47.558594,6.372160196304321,2024-04-01 21:48:55.476351
3665,5.269413,541.9094,992.93585,997.6831,23.339844,30.371094,47.558594,6.268129110336304,2024-04-01 21:49:01.744877
3666,5.269413,541.9094,993.02673,998.09204,23.339844,30.371094,47.558594,6.166723012924194,2024-04-01 21:49:07.912124
3667,5.269413,541.9094,993.02673,998.09204,23.339844,30.371094,47.558594,6.250680446624756,2024-04-01 21:49:14.163292
3668,5.269413,541.9094,993.02673,998.09204,23.339844,30.371094,47.558594,6.2271788120269775,2024-04-01 21:49:20.390825
3669,5.269413,541.9094,993.02673,999.8058,23.339844,30.371094,47.558594,6.240588665008545,2024-04-01 21:49:26.631798
3670,5.269413,541.9094,993.02673,999.8058,23.339844,30.371094,47.558594,6.400669813156128,2024-04-01 21:49:33.032819
3671,5.269413,541.9303,994.1554,999.8058,23.339844,30.371094,47.558594,6.306384086608887,2024-04-01 21:49:39.339586
3672,5.269413,541.9303,994.1554,999.8058,23.339844,30.371094,47.558594,6.319579601287842,2024-04-01 21:49:45.659846
3673,5.269413,541.9303,994.1554,999.8058,23.339844,30.371094,47.558594,6.224305868148804,2024-04-01 21:49:51.884498
3674,5.269413,541.9303,994.1554,999.8058,23.339844,30.371094,47.558594,6.174525737762451,2024-04-01 21:49:58.059435
3675,5.269413,541.9303,994.1554,999.8058,23.339844,30.371094,47.558594,6.2085936069488525,2024-04-01 21:50:04.268438
3676,5.269413,541.9303,994.1554,999.8058,23.339844,30.371094,47.558594,6.3186869621276855,2024-04-01 21:50:10.587654
3677,5.269413,542.3478,994.95795,999.8058,23.339844,30.371094,47.558594,6.411370277404785,2024-04-01 21:50:16.999371
3678,5.269413,544.3119,995.81116,1002.0802,23.339844,30.371094,47.558594,6.271177530288696,2024-04-01 21:50:23.271103
3679,5.269413,544.3119,995.81116,1002.0802,23.339844,30.371094,47.558594,6.33261775970459,2024-04-01 21:50:29.604063
3680,5.269413,544.3119,995.81116,1002.0802,23.339844,30.371094,47.558594,6.229210138320923,2024-04-01 21:50:35.833630
3681,5.269413,544.6134,995.8214,1002.0802,23.339844,30.371094,47.558594,6.1892945766448975,2024-04-01 21:50:42.023419
3682,5.269413,544.6134,995.8214,1002.0802,23.339844,30.371094,47.558594,6.271850109100342,2024-04-01 21:50:48.295622
3683,5.269413,545.9105,997.29663,1003.1864,23.339844,30.371094,47.558594,6.3510496616363525,2024-04-01 21:50:54.647113
3684,5.269413,545.9105,997.5265,1003.1864,23.339844,30.371094,47.558594,6.083518743515015,2024-04-01 21:51:00.731011
3685,5.269413,546.90857,998.49036,1003.6156,23.339844,30.371094,47.558594,6.212702035903931,2024-04-01 21:51:06.944149
3686,5.269413,546.90857,998.52466,1003.6156,23.339844,30.371094,47.558594,6.3204264640808105,2024-04-01 21:51:13.264932
3687,5.269413,546.90857,998.7446,1003.67017,23.339844,30.371094,47.65625,6.2358081340789795,2024-04-01 21:51:19.501133
3688,5.269413,546.90857,999.07886,1004.87976,23.339844,30.371094,47.65625,6.394813776016235,2024-04-01 21:51:25.896493
3689,5.269413,546.90857,999.1146,1004.87976,23.339844,30.371094,47.65625,6.112747430801392,2024-04-01 21:51:32.009637
3690,5.269413,546.90857,999.1146,1006.07153,23.339844,30.371094,47.65625,6.28867506980896,2024-04-01 21:51:38.298868
3691,5.269413,546.90857,999.1146,1006.07153,23.339844,30.371094,47.65625,6.2904133796691895,2024-04-01 21:51:44.589626
3692,5.269413,546.90857,999.1146,1006.29846,23.339844,30.371094,47.65625,6.364168167114258,2024-04-01 21:51:50.954345
3693,5.269413,546.90857,999.1146,1006.29846,23.339844,30.371094,47.65625,6.235372543334961,2024-04-01 21:51:57.190282
3694,5.269413,546.90857,999.5121,1006.29846,23.339844,30.371094,47.65625,6.334911108016968,2024-04-01 21:52:03.525571
3695,5.269413,546.90857,999.5121,1006.29846,23.339844,30.371094,47.65625,6.332318067550659,2024-04-01 21:52:09.858304
3696,5.269413,546.90857,999.5121,1006.3032,23.339844,30.371094,47.753906,6.113497257232666,2024-04-01 21:52:15.972323
3697,5.269413,546.90857,999.57556,1006.3032,23.339844,30.371094,47.753906,6.306886911392212,2024-04-01 21:52:22.279605
3698,5.269413,546.90857,1000.4873,1007.8082,23.339844,30.371094,47.753906,6.251518487930298,2024-04-01 21:52:28.531490
3699,5.269413,546.90857,1000.71063,1008.3111,23.339844,30.371094,47.753906,6.227691888809204,2024-04-01 21:52:34.759537
3700,5.269413,546.90857,1001.3263,1008.3111,23.339844,30.371094,47.753906,6.331735372543335,2024-04-01 21:52:41.091655
3701,5.43278,547.09863,1002.77893,1009.45166,23.339844,30.371094,47.753906,6.192425012588501,2024-04-01 21:52:47.284618
3702,5.43278,547.1732,1002.77893,1009.45166,23.339844,30.371094,47.753906,6.343876123428345,2024-04-01 21:52:53.629112
3703,5.43278,547.1732,1002.77893,1009.45166,23.339844,30.371094,47.753906,6.18688440322876,2024-04-01 21:52:59.816378
3704,5.43278,547.1732,1002.80383,1009.45166,23.339844,30.371094,47.753906,6.19080114364624,2024-04-01 21:53:06.007610
3705,5.43278,547.1732,1002.80383,1009.45166,23.339844,30.371094,47.753906,6.3985700607299805,2024-04-01 21:53:12.406528
3706,5.43278,547.1732,1002.80383,1009.45166,23.339844,30.371094,47.753906,6.279947757720947,2024-04-01 21:53:18.686884
3707,5.43278,547.3198,1002.80383,1009.45166,23.339844,30.371094,47.753906,6.2932422161102295,2024-04-01 21:53:24.980473
3708,5.43278,547.3198,1002.80383,1009.78845,23.339844,30.371094,47.753906,6.318572521209717,2024-04-01 21:53:31.299441
3709,5.43278,547.3198,1002.81525,1009.84045,23.339844,30.371094,47.851562,6.367262125015259,2024-04-01 21:53:37.667058
3710,5.43278,547.3198,1002.81525,1009.84045,23.339844,30.371094,47.851562,6.228144645690918,2024-04-01 21:53:43.895546
3711,5.43278,549.4353,1002.81525,1009.84045,23.339844,30.371094,47.851562,6.205998420715332,2024-04-01 21:53:50.101891
3712,5.43278,549.4353,1002.81525,1009.84045,23.339844,30.371094,47.851562,6.282928466796875,2024-04-01 21:53:56.385316
3713,5.43278,549.4353,1002.81525,1009.84045,23.339844,30.371094,47.851562,6.37830114364624,2024-04-01 21:54:02.764119
3714,5.43278,549.4353,1002.81525,1010.10785,23.339844,30.371094,47.851562,6.174683570861816,2024-04-01 21:54:08.939144
3715,5.43278,549.4353,1002.81525,1010.10785,23.339844,30.371094,47.851562,6.4204936027526855,2024-04-01 21:54:15.360189
3716,5.43278,549.4353,1002.81525,1010.10785,23.339844,30.371094,47.851562,6.13807225227356,2024-04-01 21:54:21.498605
3717,5.43278,549.4353,1002.81525,1010.10785,23.339844,30.371094,47.851562,6.25246524810791,2024-04-01 21:54:27.751440
3718,5.43278,549.4353,1003.01654,1010.10785,23.339844,30.371094,47.851562,6.256252288818359,2024-04-01 21:54:34.008188
3719,5.43278,549.4353,1003.4458,1010.10785,23.339844,30.371094,47.851562,6.29888129234314,2024-04-01 21:54:40.307474
3720,5.43278,549.4353,1003.4458,1010.10785,23.339844,30.371094,47.851562,6.324715614318848,2024-04-01 21:54:46.632527
3721,5.43278,549.44324,1003.4458,1013.0442,23.339844,30.371094,47.851562,6.334488868713379,2024-04-01 21:54:52.967667
3722,5.43278,549.44324,1003.4458,1013.0442,23.339844,30.371094,47.851562,6.278127193450928,2024-04-01 21:54:59.246213
3723,5.43278,549.44324,1003.4458,1013.0442,23.339844,30.371094,47.851562,6.337627172470093,2024-04-01 21:55:05.584279
3724,5.43278,549.44324,1003.55054,1013.0442,23.339844,30.371094,47.851562,6.284048795700073,2024-04-01 21:55:11.868699
3725,5.43278,551.7123,1003.55054,1013.0442,23.339844,30.371094,47.851562,6.230315446853638,2024-04-01 21:55:18.099398
3726,5.43278,551.7123,1003.55054,1013.0442,23.339844,30.371094,47.851562,6.310823440551758,2024-04-01 21:55:24.410584
3727,5.43278,552.75165,1003.61865,1015.1156,23.339844,30.371094,47.851562,6.352975606918335,2024-04-01 21:55:30.763968
3728,5.43278,552.75165,1003.61865,1015.1156,23.339844,30.371094,47.851562,6.170259952545166,2024-04-01 21:55:36.934570
3729,5.43278,552.75165,1003.61865,1015.1156,23.339844,30.371094,47.851562,6.330774784088135,2024-04-01 21:55:43.265752
3730,5.43278,553.0005,1003.61865,1015.45325,23.339844,30.371094,47.851562,6.378363132476807,2024-04-01 21:55:49.644492
3731,5.43278,553.1299,1003.79663,1015.45325,23.339844,30.371094,47.851562,6.2873289585113525,2024-04-01 21:55:55.932213
3732,5.43278,553.1299,1003.79663,1015.45325,23.339844,30.371094,47.851562,6.3091418743133545,2024-04-01 21:56:02.241696
3733,5.43278,553.1299,1003.8817,1015.9513,23.339844,30.371094,47.851562,6.0592546463012695,2024-04-01 21:56:08.301312
3734,5.43278,553.1299,1004.29443,1015.9513,23.339844,30.371094,47.851562,6.136418104171753,2024-04-01 21:56:14.438097
3735,5.43278,553.1299,1004.29443,1015.9513,23.339844,30.371094,47.851562,6.169310092926025,2024-04-01 21:56:20.607795
3736,5.43278,553.1299,1004.6268,1015.9513,23.339844,30.371094,47.851562,6.16321063041687,2024-04-01 21:56:26.771358
3737,5.43278,553.1299,1004.6268,1015.9513,23.339844,30.371094,47.851562,6.238049268722534,2024-04-01 21:56:33.009758
3738,5.43278,553.1299,1004.6268,1016.10376,23.339844,30.371094,47.851562,6.311011791229248,2024-04-01 21:56:39.321175
3739,5.43278,553.1299,1004.6268,1016.10376,23.339844,30.371094,47.851562,6.350797414779663,2024-04-01 21:56:45.672349
3740,5.43278,553.1299,1004.6268,1016.10376,23.339844,30.371094,47.851562,6.233286142349243,2024-04-01 21:56:51.906010
3741,5.43278,554.1262,1004.6268,1016.10376,23.339844,30.371094,47.851562,6.2871739864349365,2024-04-01 21:56:58.193721
3742,5.43278,554.1262,1004.63385,1016.10376,23.339844,30.371094,47.851562,6.3536412715911865,2024-04-01 21:57:04.547751
3743,5.43278,554.1262,1004.63385,1016.27576,23.339844,30.371094,47.851562,6.420550107955933,2024-04-01 21:57:10.968739
3744,5.43278,554.1262,1004.63385,1016.27576,23.339844,30.371094,47.851562,6.378754615783691,2024-04-01 21:57:17.347865
3745,5.43278,554.1262,1004.88965,1016.34607,23.339844,30.371094,47.851562,6.2957658767700195,2024-04-01 21:57:23.644107
3746,5.43278,554.1262,1004.88965,1016.34607,23.339844,30.371094,47.851562,6.3608176708221436,2024-04-01 21:57:30.005275
3747,5.43278,554.1262,1004.88965,1016.34607,23.339844,30.371094,47.851562,6.361751317977905,2024-04-01 21:57:36.367412
3748,5.43278,554.1262,1004.88965,1016.34607,23.339844,30.371094,47.851562,6.363320350646973,2024-04-01 21:57:42.731206
3749,5.43278,554.1262,1005.062,1016.34607,23.339844,30.371094,47.851562,6.191504716873169,2024-04-01 21:57:48.923068
3750,5.43278,554.1262,1005.062,1016.34607,23.339844,30.371094,47.851562,6.267679452896118,2024-04-01 21:57:55.191253
3751,5.43278,554.1262,1005.062,1016.34607,23.339844,30.371094,47.851562,6.2861456871032715,2024-04-01 21:58:01.477746
3752,5.43278,554.1676,1005.062,1016.34607,23.339844,30.371094,47.851562,6.137778043746948,2024-04-01 21:58:07.615897
3753,5.43278,554.1676,1005.062,1016.34607,23.339844,30.371094,47.851562,6.390122413635254,2024-04-01 21:58:14.006370
3754,5.43278,554.1676,1005.062,1016.34607,23.339844,30.371094,47.851562,6.169093608856201,2024-04-01 21:58:20.175985
3755,5.43278,554.2862,1005.062,1016.34607,23.339844,30.371094,47.851562,6.205478191375732,2024-04-01 21:58:26.381812
3756,5.43278,554.2862,1005.062,1016.34607,23.339844,30.371094,47.851562,6.290521860122681,2024-04-01 21:58:32.672687
3757,5.43278,554.2862,1005.60535,1016.34607,23.339844,30.371094,47.851562,6.293387413024902,2024-04-01 21:58:38.966466
3758,5.43278,554.2862,1005.65015,1016.3628,23.339844,30.371094,47.851562,6.149592638015747,2024-04-01 21:58:45.116473
3759,5.43278,554.2862,1005.65015,1016.3628,23.339844,30.371094,47.851562,6.384618759155273,2024-04-01 21:58:51.501700
3760,5.43278,554.2862,1005.65015,1016.3628,23.339844,30.371094,47.851562,6.3568713665008545,2024-04-01 21:58:57.859098
3761,5.43278,554.2862,1005.8723,1016.3628,23.339844,30.371094,47.851562,6.279516220092773,2024-04-01 21:59:04.138966
3762,5.43278,554.2862,1006.5493,1016.3628,23.339844,30.371094,47.851562,6.200146436691284,2024-04-01 21:59:10.339457
3763,5.43278,554.2862,1006.5493,1016.3628,23.339844,30.371094,47.851562,6.186367511749268,2024-04-01 21:59:16.526174
3764,5.43278,554.2862,1006.5676,1016.3628,23.339844,30.371094,47.851562,6.244826078414917,2024-04-01 21:59:22.771440
3765,5.43278,554.2862,1006.5676,1016.3628,23.339844,30.371094,47.851562,6.38422966003418,2024-04-01 21:59:29.156078
3766,5.43278,554.2862,1006.5676,1016.3628,23.339844,30.371094,47.851562,6.2526819705963135,2024-04-01 21:59:35.409364
3767,5.43278,554.3713,1006.6527,1016.3628,23.339844,30.371094,47.851562,6.310629367828369,2024-04-01 21:59:41.720491
3768,5.43278,554.3713,1006.6553,1016.3628,23.339844,30.371094,47.851562,6.2902092933654785,2024-04-01 21:59:48.011141
3769,5.43278,554.3713,1007.19806,1016.3628,23.339844,30.371094,47.851562,6.206850051879883,2024-04-01 21:59:54.218341
3770,5.43278,554.3713,1007.19806,1016.3759,23.339844,30.371094,47.851562,6.293027877807617,2024-04-01 22:00:00.511934
3771,5.43278,554.3713,1007.454,1016.3759,23.339844,30.371094,47.851562,6.317601919174194,2024-04-01 22:00:06.829929
3772,5.43278,554.3713,1007.5293,1018.96533,23.339844,30.371094,47.851562,6.128570318222046,2024-04-01 22:00:12.958836
3773,5.43278,554.3713,1007.5293,1018.96533,23.339844,30.371094,47.851562,6.2048492431640625,2024-04-01 22:00:19.164099
3774,5.43278,554.3713,1007.5293,1018.96533,23.339844,30.371094,47.851562,6.384782314300537,2024-04-01 22:00:25.549299
3775,5.43278,555.265,1007.8464,1016.515,23.339844,30.371094,47.94922,6.325073480606079,2024-04-01 22:00:31.874789
3776,5.43278,555.265,1008.23596,1016.515,23.339844,30.371094,47.94922,6.207681655883789,2024-04-01 22:00:38.082957
3777,5.43278,555.265,1008.23596,1016.515,23.339844,30.371094,47.94922,6.153150796890259,2024-04-01 22:00:44.236524
3778,5.43278,555.34924,1008.23596,1016.55774,23.339844,30.371094,47.94922,6.341118097305298,2024-04-01 22:00:50.578038
3779,5.43278,555.5984,1008.23596,1016.55774,23.339844,30.371094,47.94922,6.156780481338501,2024-04-01 22:00:56.735373
3780,5.43278,555.5984,1008.23596,1016.6428,23.339844,30.371094,47.94922,6.201334476470947,2024-04-01 22:01:02.937057
3781,5.43278,555.5984,1008.23596,1016.6428,23.339844,30.371094,47.94922,6.266604661941528,2024-04-01 22:01:09.204108
3782,5.43278,555.5984,1008.23596,1016.6428,23.339844,30.371094,47.94922,6.182276010513306,2024-04-01 22:01:15.386726
3783,5.43278,555.5984,1008.27673,1016.6428,23.339844,30.371094,47.94922,6.12553071975708,2024-04-01 22:01:21.512696
3784,5.43278,555.5984,1008.27673,1016.6428,23.339844,30.371094,47.94922,6.152339458465576,2024-04-01 22:01:27.665426
3785,5.43278,555.5984,1008.27673,1016.6428,23.339844,30.371094,47.94922,6.304680109024048,2024-04-01 22:01:33.970632
3786,5.43278,555.5984,1008.27673,1016.6428,23.339844,30.371094,47.94922,6.20424485206604,2024-04-01 22:01:40.175268
3787,5.43278,555.5984,1008.27673,1016.6428,23.339844,30.371094,47.94922,6.360622882843018,2024-04-01 22:01:46.536244
3788,5.43278,555.5984,1008.61163,1016.6428,23.339844,30.371094,47.94922,6.1472461223602295,2024-04-01 22:01:52.684041
3789,5.43278,555.5984,1008.61163,1016.6428,23.339844,30.371094,47.94922,6.260155916213989,2024-04-01 22:01:58.944547
3790,5.43278,555.5984,1008.61163,1016.6428,23.339844,30.371094,47.94922,6.277355670928955,2024-04-01 22:02:05.222305
3791,5.43278,555.5984,1008.61163,1016.6428,23.339844,30.371094,47.94922,6.113451242446899,2024-04-01 22:02:11.336127
3792,5.43278,555.5984,1008.63947,1016.6428,23.339844,30.371094,47.94922,6.235595464706421,2024-04-01 22:02:17.572126
3793,5.43278,555.5984,1008.8689,1016.6428,23.339844,30.371094,47.94922,6.267159461975098,2024-04-01 22:02:23.839627
3794,5.43278,555.832,1009.05414,1016.7919,23.339844,30.371094,47.94922,6.26878023147583,2024-04-01 22:02:30.108759
3795,5.43278,555.832,1009.05414,1016.7919,23.339844,30.371094,47.94922,6.179598569869995,2024-04-01 22:02:36.288745
3796,5.43278,555.832,1009.10504,1016.7919,23.339844,30.371094,47.94922,6.2367730140686035,2024-04-01 22:02:42.526021
3797,5.43278,555.832,1009.10504,1017.18066,23.339844,30.371094,47.94922,6.184790372848511,2024-04-01 22:02:48.711205
3798,5.43278,555.832,1009.10504,1017.18066,23.339844,30.371094,47.94922,6.197448492050171,2024-04-01 22:02:54.908998
3799,5.43278,556.29065,1009.10504,1017.18066,23.339844,30.371094,47.94922,6.152982950210571,2024-04-01 22:03:01.062358
3800,5.434823,556.5806,1009.27045,1017.63745,23.339844,30.371094,47.94922,6.320024490356445,2024-04-01 22:03:07.382728
3801,5.434823,556.7674,1009.3874,1018.1299,23.339844,30.371094,47.94922,6.461446523666382,2024-04-01 22:03:13.844538
3802,5.434823,557.66064,1012.31445,1018.9289,23.339844,30.371094,47.94922,6.4274585247039795,2024-04-01 22:03:20.272439
3803,5.434823,557.66064,1012.88165,1018.9289,23.339844,30.371094,47.94922,6.225471496582031,2024-04-01 22:03:26.498305
3804,5.434823,557.66064,1013.07806,1018.9289,23.339844,30.371094,47.94922,6.2575623989105225,2024-04-01 22:03:32.756211
3805,5.434823,557.66064,1013.2902,1018.9289,23.339844,30.371094,47.94922,6.311986923217773,2024-04-01 22:03:39.068539
3806,5.434823,557.66064,1013.2902,1018.9289,23.339844,30.371094,47.94922,6.209471702575684,2024-04-01 22:03:45.278411
3807,5.434823,558.09485,1013.2902,1018.9289,23.339844,30.371094,47.94922,6.253737449645996,2024-04-01 22:03:51.532491
3808,5.434823,558.09485,1013.2902,1018.9289,23.339844,30.371094,47.94922,6.248259544372559,2024-04-01 22:03:57.781147
3809,5.434823,558.30225,1013.3975,1019.7243,23.339844,30.371094,47.94922,6.367248296737671,2024-04-01 22:04:04.148919
3810,5.434823,558.30225,1013.3975,1019.7243,23.339844,30.371094,47.94922,6.349930286407471,2024-04-01 22:04:10.499376
3811,5.434823,558.30225,1013.4415,1019.7243,23.339844,30.371094,47.94922,6.264414072036743,2024-04-01 22:04:16.764136
3812,5.434823,558.30225,1013.4415,1019.7243,23.339844,30.371094,47.94922,6.298856735229492,2024-04-01 22:04:23.063549
3813,5.434823,558.30225,1013.4415,1019.7243,23.339844,30.371094,47.94922,6.235480308532715,2024-04-01 22:04:29.299435
3814,5.434823,558.30225,1013.4415,1019.80225,23.339844,30.371094,47.94922,6.386384010314941,2024-04-01 22:04:35.686165
3815,5.434823,558.30225,1013.4415,1020.00073,23.339844,30.371094,47.94922,6.3016722202301025,2024-04-01 22:04:41.988325
3816,5.434823,558.30225,1013.4415,1020.00073,23.339844,30.371094,47.94922,6.217353105545044,2024-04-01 22:04:48.206053
3817,5.434823,558.30225,1013.4415,1020.00073,23.339844,30.371094,47.94922,6.29435920715332,2024-04-01 22:04:54.500754
3818,5.434823,558.6354,1014.1803,1020.7395,23.339844,30.371094,47.94922,6.201178789138794,2024-04-01 22:05:00.702344
3819,5.434823,558.7635,1014.52783,1020.7395,23.339844,30.371094,47.94922,6.20729923248291,2024-04-01 22:05:06.910210
3820,5.434823,558.76355,1014.59216,1020.7395,23.339844,30.371094,47.94922,6.266559600830078,2024-04-01 22:05:13.177169
3821,5.434823,558.76355,1014.59216,1020.7395,23.339844,30.371094,47.94922,6.278517961502075,2024-04-01 22:05:19.456170
3822,5.434823,558.76355,1014.59216,1020.7395,23.339844,30.371094,47.94922,6.263849973678589,2024-04-01 22:05:25.720531
3823,5.434823,558.76355,1014.59216,1020.89557,23.339844,30.371094,47.94922,6.216594219207764,2024-04-01 22:05:31.937638
3824,5.434823,559.0917,1015.13446,1020.89557,23.339844,30.371094,47.94922,6.239606618881226,2024-04-01 22:05:38.177826
3825,5.434823,559.0917,1015.13446,1020.89557,23.339844,30.371094,47.94922,6.287285804748535,2024-04-01 22:05:44.465683
3826,5.434823,560.0963,1015.2307,1020.89557,23.339844,30.371094,47.94922,6.291753053665161,2024-04-01 22:05:50.757844
3827,5.434823,560.0963,1015.2307,1020.89557,23.339844,30.371094,47.94922,6.208373785018921,2024-04-01 22:05:56.966654
3828,5.434823,560.0963,1015.5499,1020.89557,23.339844,30.371094,47.94922,6.34496283531189,2024-04-01 22:06:03.312090
3829,5.434823,560.0963,1015.5499,1021.3782,23.339844,30.371094,47.94922,6.211724758148193,2024-04-01 22:06:09.524171
3830,5.434823,560.0963,1015.5499,1021.3782,23.339844,30.371094,47.94922,6.199472665786743,2024-04-01 22:06:15.724095
3831,5.434823,560.3348,1015.5499,1021.3782,23.339844,30.371094,47.94922,6.23555326461792,2024-04-01 22:06:21.959980
3832,5.434823,560.3348,1015.5499,1021.3782,23.339844,30.371094,47.94922,6.131336212158203,2024-04-01 22:06:28.091659
3833,5.434823,560.3348,1015.5499,1021.3782,23.339844,30.371094,47.94922,6.243763446807861,2024-04-01 22:06:34.335766
3834,5.434823,560.3348,1016.0296,1021.3782,23.339844,30.371094,47.94922,6.321955680847168,2024-04-01 22:06:40.658104
3835,5.434823,560.40607,1016.4055,1021.3782,23.339844,30.371094,47.94922,6.235512018203735,2024-04-01 22:06:46.894050
3836,5.434823,560.6455,1017.16016,1022.051,23.339844,30.371094,47.94922,6.191932678222656,2024-04-01 22:06:53.086414
3837,5.434823,560.6455,1017.16016,1022.051,23.339844,30.371094,47.94922,6.230964660644531,2024-04-01 22:06:59.317725
3838,5.434823,560.6455,1017.17523,1022.051,23.339844,30.371094,47.94922,6.136977434158325,2024-04-01 22:07:05.455085
3839,5.434823,560.6455,1017.19714,1022.051,23.339844,30.371094,47.94922,6.311395168304443,2024-04-01 22:07:11.766826
3840,5.434823,560.6455,1017.19714,1022.051,23.339844,30.371094,47.94922,6.384533882141113,2024-04-01 22:07:18.151698
3841,5.434823,561.12463,1017.2546,1022.051,23.339844,30.371094,47.94922,6.389123439788818,2024-04-01 22:07:24.541166
3842,5.434823,562.2389,1017.8451,1022.051,23.339844,30.371094,47.94922,6.3141820430755615,2024-04-01 22:07:30.855794
3843,5.434823,562.3589,1017.8451,1022.051,23.339844,30.371094,47.94922,6.271807909011841,2024-04-01 22:07:37.127951
3844,5.434823,562.3589,1017.8451,1022.27704,23.339844,30.371094,47.94922,6.385030269622803,2024-04-01 22:07:43.513333
3845,5.434823,562.3589,1017.8451,1022.27704,23.339844,30.371094,47.94922,6.38221001625061,2024-04-01 22:07:49.896158
3846,5.434823,562.3589,1018.1492,1022.27704,23.339844,30.371094,47.94922,6.212521553039551,2024-04-01 22:07:56.109022
3847,5.434823,562.3589,1018.6977,1022.27704,23.339844,30.371094,47.94922,6.162445068359375,2024-04-01 22:08:02.271854
3848,5.434823,562.7683,1018.9989,1023.85095,23.339844,30.371094,47.94922,6.27038836479187,2024-04-01 22:08:08.542595
3849,5.434823,562.7683,1018.9989,1023.85095,23.339844,30.371094,47.94922,6.214556932449341,2024-04-01 22:08:14.757546
3850,5.434823,562.7683,1019.2484,1023.85095,23.339844,30.371094,47.94922,6.40638279914856,2024-04-01 22:08:21.164618
3851,5.434823,562.7683,1019.2484,1023.85095,23.339844,30.371094,47.94922,6.221195220947266,2024-04-01 22:08:27.386211
3852,5.434823,562.7683,1019.6233,1023.85095,23.339844,30.371094,47.94922,6.3473100662231445,2024-04-01 22:08:33.733988
3853,5.434823,562.7683,1019.6233,1025.1919,23.339844,30.371094,47.94922,6.394795179367065,2024-04-01 22:08:40.129288
3854,5.434823,562.7683,1019.6233,1025.1919,23.339844,30.371094,47.94922,6.217820882797241,2024-04-01 22:08:46.347672
3855,5.434823,562.7698,1019.6233,1025.1919,23.339844,30.371094,47.94922,6.148109674453735,2024-04-01 22:08:52.496124
3856,5.434823,562.7698,1019.64685,1025.1919,23.339844,30.371094,47.94922,6.32850980758667,2024-04-01 22:08:58.824975
3857,5.434823,562.7698,1019.64685,1025.1919,23.339844,30.371094,47.94922,6.322671890258789,2024-04-01 22:09:05.148030
3858,5.434823,563.0288,1019.8397,1025.9825,23.339844,30.371094,47.94922,6.230998516082764,2024-04-01 22:09:11.379521
3859,5.434823,564.68787,1019.8397,1025.9825,23.339844,30.371094,47.94922,6.3317224979400635,2024-04-01 22:09:17.711588
3860,5.434823,564.9055,1019.8397,1025.9825,23.339844,30.371094,47.94922,6.297409534454346,2024-04-01 22:09:24.009551
3861,5.434823,564.9055,1019.8397,1025.9825,23.339844,30.371094,47.94922,6.295119524002075,2024-04-01 22:09:30.305157
3862,5.434823,564.9055,1019.8397,1025.9825,23.339844,30.371094,47.94922,6.243154287338257,2024-04-01 22:09:36.548920
3863,5.434823,564.9055,1019.8397,1025.9825,23.339844,30.371094,47.94922,6.266196966171265,2024-04-01 22:09:42.815785
3864,5.434823,564.9055,1020.67377,1025.9825,23.339844,30.371094,47.94922,6.215195417404175,2024-04-01 22:09:49.031368
3865,5.434823,564.9055,1020.7291,1025.9825,23.339844,30.371094,47.94922,6.175717353820801,2024-04-01 22:09:55.207455
3866,5.434823,564.9055,1020.7291,1025.9825,23.339844,30.371094,47.94922,6.336455821990967,2024-04-01 22:10:01.544250
3867,5.434823,564.9055,1020.8605,1025.9825,23.339844,30.371094,47.94922,6.224985122680664,2024-04-01 22:10:07.769582
3868,5.434823,564.9055,1020.8605,1025.9976,23.339844,30.371094,47.94922,6.342466115951538,2024-04-01 22:10:14.112537
3869,5.434823,564.9055,1021.2565,1025.9976,23.339844,30.371094,47.94922,6.1675543785095215,2024-04-01 22:10:20.280493
3870,5.434823,564.9055,1021.35693,1025.9976,23.339844,30.371094,47.94922,6.3046715259552,2024-04-01 22:10:26.585567
3871,5.434823,564.9055,1021.65533,1025.9976,23.339844,30.371094,47.94922,6.208881616592407,2024-04-01 22:10:32.794879
3872,5.434823,564.9055,1021.69366,1025.9976,23.339844,30.371094,47.94922,6.24515175819397,2024-04-01 22:10:39.040596
3873,5.434823,564.9055,1021.69366,1025.9976,23.339844,30.371094,47.94922,6.265214920043945,2024-04-01 22:10:45.306211
3874,5.434823,565.22485,1021.7861,1025.9976,23.339844,30.371094,47.94922,6.4963929653167725,2024-04-01 22:10:51.802985
3875,5.434823,565.22485,1021.90466,1025.9976,23.339844,30.371094,47.94922,6.23228907585144,2024-04-01 22:10:58.035657
3876,5.434823,565.22485,1021.9049,1025.9976,23.339844,30.371094,47.94922,6.312475681304932,2024-04-01 22:11:04.348471
3877,5.434823,565.22485,1021.9756,1026.2152,23.339844,30.371094,47.94922,6.412742853164673,2024-04-01 22:11:10.761609
3878,5.434823,565.22485,1021.9756,1026.2152,23.339844,30.371094,47.94922,6.27836012840271,2024-04-01 22:11:17.040410
3879,5.434823,565.5299,1021.9756,1026.2152,23.339844,30.371094,47.94922,6.261078119277954,2024-04-01 22:11:23.301887
3880,5.434823,565.5299,1021.9756,1026.2152,23.339844,30.371094,47.94922,6.22218918800354,2024-04-01 22:11:29.524528
3881,5.434823,565.5299,1022.0404,1026.2152,23.339844,30.371094,47.94922,6.106647729873657,2024-04-01 22:11:35.631589
3882,5.434823,565.5299,1022.11035,1026.2152,23.339844,30.371094,47.94922,6.270150899887085,2024-04-01 22:11:41.902086
3883,5.434823,565.5299,1022.11035,1026.3091,23.339844,30.371094,47.94922,6.290590286254883,2024-04-01 22:11:48.193110
3884,5.434823,565.2448,1022.16125,1026.3091,23.4375,30.371094,47.94922,6.2837207317352295,2024-04-01 22:11:54.477219
3885,5.434823,565.2448,1022.24426,1026.3091,23.4375,30.371094,47.94922,6.249937295913696,2024-04-01 22:12:00.727592
3886,5.434823,565.2448,1022.6005,1026.3091,23.4375,30.371094,47.94922,6.227731227874756,2024-04-01 22:12:06.955724
3887,5.434823,565.2448,1022.6005,1027.2019,23.4375,30.371094,47.94922,6.270765066146851,2024-04-01 22:12:13.226834
3888,5.434823,565.2448,1022.6005,1027.2019,23.4375,30.371094,47.94922,6.246578693389893,2024-04-01 22:12:19.473766
3889,5.434823,565.8711,1022.6005,1027.2019,23.4375,30.371094,47.94922,6.294789552688599,2024-04-01 22:12:25.768938
3890,5.434823,565.8711,1022.6005,1027.2019,23.4375,30.371094,47.94922,6.362292766571045,2024-04-01 22:12:32.131607
3891,5.434823,565.8711,1022.7109,1027.2019,23.4375,30.371094,47.94922,6.3209264278411865,2024-04-01 22:12:38.452877
3892,5.434823,565.8711,1022.7109,1027.2019,23.4375,30.371094,47.94922,6.343303918838501,2024-04-01 22:12:44.796653
3893,5.434823,565.8711,1022.7109,1024.05,23.4375,30.371094,48.046875,6.339422702789307,2024-04-01 22:12:51.136454
3894,5.434823,565.8711,1022.81995,1024.8274,23.4375,30.371094,48.046875,6.255523920059204,2024-04-01 22:12:57.392470
3895,5.434823,565.8711,1022.81995,1024.8274,23.4375,30.371094,48.046875,6.346328973770142,2024-04-01 22:13:03.739193
3896,5.434823,565.8711,1023.2547,1024.8274,23.4375,30.371094,48.046875,6.202378273010254,2024-04-01 22:13:09.942132
3897,5.434823,565.8711,1023.2547,1024.8274,23.4375,30.371094,48.046875,6.246690511703491,2024-04-01 22:13:16.189160
3898,5.434823,565.8711,1023.2547,1024.8274,23.4375,30.371094,48.046875,6.241699695587158,2024-04-01 22:13:22.431267
3899,5.434823,565.8711,1023.2729,1024.8274,23.4375,30.371094,48.046875,6.4620139598846436,2024-04-01 22:13:28.893653
3900,5.434823,565.8711,1023.2729,1024.8274,23.4375,30.371094,48.046875,6.23690938949585,2024-04-01 22:13:35.131072
3901,5.434823,566.0172,1023.5184,1024.833,23.4375,30.371094,48.046875,6.337272882461548,2024-04-01 22:13:41.468690
3902,5.434823,566.0172,1023.5184,1024.833,23.4375,30.371094,48.046875,6.260974168777466,2024-04-01 22:13:47.730053
3903,5.434823,566.0172,1023.5184,1024.833,23.4375,30.371094,48.046875,6.341341733932495,2024-04-01 22:13:54.071879
3904,5.434823,566.0172,1023.5184,1024.833,23.4375,30.371094,48.046875,6.352639675140381,2024-04-01 22:14:00.424861
3905,5.434823,566.0172,1023.5184,1025.0535,23.4375,30.371094,48.046875,6.246507883071899,2024-04-01 22:14:06.671750
3906,5.434823,566.0172,1023.5184,1025.6407,23.4375,30.371094,48.046875,6.356682062149048,2024-04-01 22:14:13.028769
3907,5.434823,566.0172,1023.6574,1025.6407,23.4375,30.371094,48.046875,6.342756986618042,2024-04-01 22:14:19.371908
3908,5.434823,566.0172,1023.6574,1025.6407,23.4375,30.371094,48.046875,6.219350337982178,2024-04-01 22:14:25.591615
3909,5.434823,566.0172,1023.9916,1025.8363,23.4375,30.371094,48.046875,6.24466609954834,2024-04-01 22:14:31.836702
3910,5.434823,566.8384,1024.5911,1025.8363,23.4375,30.371094,48.046875,6.233157634735107,2024-04-01 22:14:38.070248
3911,5.434823,566.8384,1024.6174,1025.8478,23.4375,30.371094,48.046875,6.241125106811523,2024-04-01 22:14:44.311838
3912,5.434823,566.8384,1024.7537,1025.8478,23.4375,30.371094,48.046875,6.37224555015564,2024-04-01 22:14:50.684475
3913,5.434823,566.8384,1024.7537,1025.8478,23.4375,30.371094,48.046875,6.231245040893555,2024-04-01 22:14:56.916125
3914,5.434823,566.8384,1024.7537,1026.0857,23.4375,30.371094,48.046875,6.335863828659058,2024-04-01 22:15:03.252333
3915,5.434823,566.8384,1024.7537,1026.0857,23.4375,30.371094,48.046875,6.080788850784302,2024-04-01 22:15:09.333496
3916,5.434823,566.8384,1024.7537,1026.0857,23.4375,30.371094,48.046875,6.262672185897827,2024-04-01 22:15:15.596597
3917,5.434823,568.76794,1024.7537,1026.0857,23.4375,30.371094,48.046875,6.212343215942383,2024-04-01 22:15:21.809341
3918,5.434823,568.76794,1024.9623,1026.0857,23.4375,30.371094,48.046875,6.191614627838135,2024-04-01 22:15:28.001483
3919,5.434823,568.76794,1024.9623,1026.0857,23.4375,30.371094,48.046875,6.276959657669067,2024-04-01 22:15:34.278840
3920,5.434823,568.76794,1024.9623,1026.0857,23.4375,30.371094,48.046875,6.40928316116333,2024-04-01 22:15:40.688464
3921,5.434823,568.976,1025.3164,1026.0857,23.4375,30.371094,48.046875,6.34745192527771,2024-04-01 22:15:47.036335
3922,5.434823,568.976,1025.4758,1028.0881,23.4375,30.371094,48.046875,6.4989564418792725,2024-04-01 22:15:53.535797
3923,5.434823,568.976,1025.6636,1028.0881,23.4375,30.371094,48.046875,6.438470125198364,2024-04-01 22:15:59.974626
3924,5.434823,568.976,1026.1025,1028.0881,23.4375,30.371094,48.046875,6.308004379272461,2024-04-01 22:16:06.282996
3925,5.434823,568.976,1026.1025,1028.0881,23.4375,30.371094,48.046875,6.244387626647949,2024-04-01 22:16:12.527729
3926,5.434823,568.976,1026.1025,1028.0881,23.4375,30.371094,48.046875,6.224447011947632,2024-04-01 22:16:18.752515
3927,5.434823,568.976,1026.1025,1028.0881,23.4375,30.371094,48.046875,6.269066333770752,2024-04-01 22:16:25.021984
3928,5.434823,568.976,1026.1721,1028.946,23.4375,30.371094,48.046875,6.3438029289245605,2024-04-01 22:16:31.366282
3929,5.434823,568.9802,1026.3043,1028.946,23.4375,30.371094,48.046875,6.336449146270752,2024-04-01 22:16:37.703211
3930,5.434823,568.9802,1026.3043,1028.946,23.4375,30.371094,48.046875,6.375492095947266,2024-04-01 22:16:44.079134
3931,5.434823,568.9802,1026.3043,1028.946,23.4375,30.371094,48.046875,6.2797346115112305,2024-04-01 22:16:50.359218
3932,5.434823,568.9802,1026.3043,1028.946,23.4375,30.371094,48.046875,6.241698265075684,2024-04-01 22:16:56.601259
3933,5.434823,568.9802,1026.3043,1028.946,23.4375,30.371094,48.046875,6.3507020473480225,2024-04-01 22:17:02.952452
3934,5.434823,568.9802,1026.3043,1028.946,23.4375,30.371094,48.046875,6.297869443893433,2024-04-01 22:17:09.250729
3935,5.434823,568.9802,1026.3043,1028.946,23.4375,30.371094,48.046875,6.1111414432525635,2024-04-01 22:17:15.362415
3936,5.434823,568.9802,1026.6913,1028.946,23.4375,30.371094,48.046875,6.280033826828003,2024-04-01 22:17:21.642928
3937,5.434823,568.9802,1026.6913,1028.9861,23.4375,30.371094,48.046875,6.349108695983887,2024-04-01 22:17:27.992404
3938,5.434823,569.47894,1027.3323,1028.9861,23.4375,30.371094,48.046875,6.242552995681763,2024-04-01 22:17:34.235426
3939,5.434823,569.8816,1027.3323,1028.9861,23.4375,30.371094,48.046875,6.148457765579224,2024-04-01 22:17:40.384264
3940,5.434823,569.8816,1027.3356,1028.9861,23.4375,30.371094,48.046875,6.193639516830444,2024-04-01 22:17:46.578475
3941,5.434823,569.8816,1027.3356,1028.9861,23.4375,30.371094,48.046875,6.13346529006958,2024-04-01 22:17:52.712607
3942,5.434823,570.1225,1028.0312,1029.3501,23.4375,30.371094,48.14453,6.2442920207977295,2024-04-01 22:17:58.957293
3943,5.434823,570.1225,1028.0312,1029.8878,23.4375,30.371094,48.14453,6.282464981079102,2024-04-01 22:18:05.240377
3944,5.434823,570.1225,1028.1187,1029.8878,23.4375,30.371094,48.14453,6.381786346435547,2024-04-01 22:18:11.622552
3945,5.434823,570.1225,1028.3179,1029.8878,23.4375,30.371094,48.14453,6.297175645828247,2024-04-01 22:18:17.920246
3946,5.434823,570.1225,1028.324,1029.8878,23.4375,30.371094,48.14453,6.290031671524048,2024-04-01 22:18:24.210761
3947,5.434823,570.1225,1028.324,1029.8878,23.4375,30.371094,48.14453,6.32025146484375,2024-04-01 22:18:30.531357
3948,5.434823,570.7702,1028.324,1029.8878,23.4375,30.371094,48.14453,6.2870566844940186,2024-04-01 22:18:36.818755
3949,5.434823,570.7702,1028.324,1029.8878,23.4375,30.371094,48.14453,6.178872585296631,2024-04-01 22:18:42.997976
3950,5.434823,570.7702,1028.324,1029.8878,23.4375,30.371094,48.14453,6.2470972537994385,2024-04-01 22:18:49.245413
3951,5.434823,570.7702,1028.324,1029.8878,23.4375,30.371094,48.14453,6.404651165008545,2024-04-01 22:18:55.650497
3952,5.434823,570.7702,1028.324,1030.8113,23.4375,30.371094,48.14453,6.161097049713135,2024-04-01 22:19:01.811989
3953,5.434823,570.8854,1028.324,1030.8113,23.4375,30.371094,48.14453,6.256350994110107,2024-04-01 22:19:08.068688
3954,5.434823,570.8854,1028.324,1031.3921,23.4375,30.371094,48.14453,6.299148082733154,2024-04-01 22:19:14.368427
3955,5.434823,570.8854,1028.324,1031.3921,23.4375,30.371094,48.14453,6.226497650146484,2024-04-01 22:19:20.595317
3956,5.434823,570.8854,1028.324,1031.3921,23.4375,30.371094,48.14453,6.34471321105957,2024-04-01 22:19:26.940376
3957,5.434823,570.8854,1028.324,1031.3921,23.4375,30.371094,48.14453,6.239230155944824,2024-04-01 22:19:33.180068
3958,5.434823,571.23737,1028.324,1031.3921,23.4375,30.371094,48.14453,6.369374513626099,2024-04-01 22:19:39.549801
3959,5.434823,571.23737,1028.324,1031.3921,23.4375,30.371094,48.14453,6.258063554763794,2024-04-01 22:19:45.808243
3960,5.434823,571.23737,1028.324,1031.3921,23.4375,30.371094,48.14453,6.370157957077026,2024-04-01 22:19:52.178754
3961,5.434823,571.23737,1029.0024,1031.3921,23.4375,30.371094,48.14453,6.333036661148071,2024-04-01 22:19:58.512310
3962,5.434823,571.3468,1029.0024,1032.5002,23.4375,30.371094,48.14453,6.23682975769043,2024-04-01 22:20:04.749524
3963,5.434823,571.3468,1029.0024,1032.5002,23.4375,30.371094,48.14453,6.281471252441406,2024-04-01 22:20:11.031563
3964,5.434823,571.3468,1029.136,1032.5002,23.4375,30.371094,48.14453,6.266388177871704,2024-04-01 22:20:17.298342
3965,5.434823,571.3468,1029.136,1032.5002,23.4375,30.371094,48.14453,6.387098073959351,2024-04-01 22:20:23.685997
3966,5.434823,572.03125,1029.2654,1032.7341,23.4375,30.371094,48.14453,6.331036567687988,2024-04-01 22:20:30.017453
3967,5.434823,572.10706,1029.2654,1032.7341,23.4375,30.371094,48.14453,6.286640405654907,2024-04-01 22:20:36.304490
3968,5.434823,572.10706,1029.2654,1032.7341,23.4375,30.371094,48.14453,6.379455327987671,2024-04-01 22:20:42.684365
3969,5.434823,572.10706,1029.2654,1032.7341,23.4375,30.371094,48.14453,6.299323797225952,2024-04-01 22:20:48.984065
3970,5.434823,572.10706,1029.2654,1032.7341,23.4375,30.371094,48.14453,6.332768440246582,2024-04-01 22:20:55.317188
3971,5.434823,572.68713,1029.8713,1032.7341,23.4375,30.371094,48.14453,6.278892993927002,2024-04-01 22:21:01.596586
3972,5.434823,572.68713,1029.8713,1032.7341,23.4375,30.371094,48.14453,6.240012168884277,2024-04-01 22:21:07.836998
3973,5.434823,572.8311,1031.2808,1032.7341,23.4375,30.371094,48.14453,6.21488356590271,2024-04-01 22:21:14.052270
3974,5.434823,572.8311,1031.2808,1032.7341,23.4375,30.371094,48.14453,6.284317493438721,2024-04-01 22:21:20.337032
3975,5.434823,572.8311,1031.2808,1032.7341,23.4375,30.371094,48.14453,6.2723143100738525,2024-04-01 22:21:26.609729
3976,5.434823,573.90015,1031.3428,1032.7341,23.4375,30.371094,48.14453,6.189281225204468,2024-04-01 22:21:32.799530
3977,5.434823,573.90015,1031.3428,1032.7341,23.4375,30.371094,48.14453,6.363181114196777,2024-04-01 22:21:39.163250
3978,5.434823,573.90015,1031.5276,1032.7341,23.4375,30.371094,48.14453,6.236496448516846,2024-04-01 22:21:45.400091
3979,5.434823,573.90015,1031.5276,1032.7341,23.4375,30.371094,48.14453,6.228948593139648,2024-04-01 22:21:51.629385
3980,5.434823,574.0592,1031.5276,1032.7341,23.4375,30.371094,48.14453,6.301657438278198,2024-04-01 22:21:57.931604
3981,5.434823,574.0592,1031.5309,1032.7341,23.4375,30.371094,48.14453,6.372276544570923,2024-04-01 22:22:04.304237
3982,5.434823,574.0592,1031.5309,1033.5592,23.4375,30.371094,48.14453,6.27099609375,2024-04-01 22:22:10.575583
3983,5.434823,574.0592,1031.5309,1034.0188,23.4375,30.371094,48.14453,6.302445411682129,2024-04-01 22:22:16.878568
3984,5.434823,574.0592,1031.5309,1034.0188,23.4375,30.371094,48.14453,6.315650939941406,2024-04-01 22:22:23.194612
3985,5.434823,574.0592,1031.5513,1039.6918,23.4375,30.371094,48.14453,6.305309772491455,2024-04-01 22:22:29.500270
3986,5.434823,574.4138,1031.5604,1039.6918,23.4375,30.371094,48.14453,6.2636613845825195,2024-04-01 22:22:35.764285
3987,5.434823,574.4138,1031.5604,1039.6918,23.4375,30.371094,48.14453,6.247767925262451,2024-04-01 22:22:42.012449
3988,5.434823,574.4138,1031.5604,1039.6918,23.4375,30.371094,48.14453,6.332108736038208,2024-04-01 22:22:48.344977
3989,5.434823,574.4138,1031.5604,1039.6918,23.4375,30.371094,48.14453,6.197080850601196,2024-04-01 22:22:54.542652
3990,5.434823,574.82336,1033.5051,1039.9198,23.4375,30.371094,48.14453,6.331576824188232,2024-04-01 22:23:00.874572
3991,5.434823,575.21594,1033.5051,1039.9198,23.4375,30.371094,48.14453,6.324632883071899,2024-04-01 22:23:07.199544
3992,5.434823,575.21594,1033.6199,1039.9198,23.4375,30.371094,48.14453,6.395488500595093,2024-04-01 22:23:13.595383
3993,5.434823,575.21594,1033.6199,1039.9198,23.4375,30.371094,48.14453,6.363786697387695,2024-04-01 22:23:19.959651
3994,5.434823,575.21594,1033.6199,1039.9198,23.4375,30.371094,48.14453,6.308342695236206,2024-04-01 22:23:26.268389
3995,5.434823,575.21594,1033.6199,1039.9198,23.4375,30.371094,48.14453,6.4009199142456055,2024-04-01 22:23:32.669788
3996,5.461326,576.0651,1034.3999,1039.9463,23.4375,30.371094,48.14453,6.280560493469238,2024-04-01 22:23:38.950734
3997,5.461326,576.0651,1034.3999,1039.9463,23.4375,30.371094,48.14453,6.307707786560059,2024-04-01 22:23:45.258791
3998,5.461326,576.0651,1034.3999,1039.9463,23.4375,30.371094,48.14453,6.204726219177246,2024-04-01 22:23:51.463887
3999,5.461326,576.0651,1034.3999,1039.9463,23.4375,30.371094,48.14453,6.242105484008789,2024-04-01 22:23:57.706333
4000,5.461326,576.0651,1034.3999,1039.9463,23.4375,30.371094,48.14453,6.27974009513855,2024-04-01 22:24:03.986432
